000007bc,00000001,000ffffe,18
00000804,00000011,00080041,315
00000828,00000002,000ffffe,441
00000840,00000001,000ffffe,511
00000848,00000001,000ffffe,547
000007d4,0000000a,00080400,814
00000834,00000007,00080400,1212
00000818,00000011,00080485,1423
00000810,00000002,000ffffe,1509
00000810,00000002,000ffffe,1560
000007c4,00000001,000ffffe,1585
00000838,00000001,000ffffe,1870
000007d8,00000001,000ffffe,2013
000007c4,00000001,000ffffe,2085
000007d4,0000000a,00080400,2402
000007f8,00000002,000ffffe,2788
00000844,00000001,000ffffe,3256
00000834,00000007,00080400,3497
00000828,00000002,000ffffe,3610
000007f0,00000001,000ffffe,3908
000007cc,00000002,000ffffe,4059
000007cc,00000002,000ffffe,4406
000007f8,00000002,000ffffe,4580
00000818,00000011,00080482,4922
000007d8,00000001,000ffffe,5070
000007d4,0000000a,00080400,5401
00000820,00000001,000ffffe,5825
00000804,00000011,00080056,6058
00000838,00000001,000ffffe,6151
00000820,00000001,000ffffe,6206
000007f0,00000001,000ffffe,6234
000007cc,00000002,000ffffe,6521
00000810,00000002,000ffffe,6936
00000834,00000007,00080400,7149
00000840,00000001,000ffffe,7519
000007c4,00000001,000ffffe,7947
000007f8,00000002,000ffffe,8402
00000828,00000002,000ffffe,8901
00000804,00000011,00080061,9166
00000840,00000001,000ffffe,9515
00000820,00000001,000ffffe,9698
000007c4,00000001,000ffffe,9790
00000834,00000007,00080400,10114
00000838,00000001,000ffffe,10507
00000818,00000011,00080481,10723
00000808,00000001,000ffffe,11079
00000810,00000002,000ffffe,11506
000007d4,0000000a,00080400,11967
00000810,00000002,000ffffe,12186
00000860,00000001,000ffffe,12299
000007f0,00000001,000ffffe,12596
000007c4,00000001,000ffffe,12745
00000808,00000001,000ffffe,12820
00000828,00000002,000ffffe,12859
00000844,00000001,000ffffe,13117
00000818,00000011,00080483,13263
00000804,00000011,00080071,13600
000007f8,00000002,000ffffe,13754
000007f8,00000002,000ffffe,13839
00000840,00000001,000ffffe,13881
000007d4,0000000a,00080400,13912
00000838,00000001,000ffffe,14186
000007d4,0000000a,00080400,14337
00000844,00000001,000ffffe,14671
000007c4,00000001,000ffffe,14843
000007d8,00000001,000ffffe,15169
00000838,00000001,000ffffe,15604
00000820,00000001,000ffffe,15822
000007c4,00000001,000ffffe,16203
000007bc,00000001,000ffffe,16394
00000810,00000002,000ffffe,16491
000007f8,00000002,000ffffe,16811
00000840,00000001,000ffffe,17210
00000820,00000001,000ffffe,17682
00000810,00000002,000ffffe,18191
000007d4,0000000a,00080400,18693
00000838,00000001,000ffffe,19171
000007d4,0000000a,00080400,19424
00000808,00000001,000ffffe,19777
000007d8,00000001,000ffffe,20198
00000820,00000001,000ffffe,20409
00000808,00000001,000ffffe,20515
00000828,00000002,000ffffe,20809
000007f8,00000002,000ffffe,20956
00000828,00000002,000ffffe,21030
00000840,00000001,000ffffe,21338
00000848,00000001,000ffffe,21493
00000840,00000001,000ffffe,21882
000007c4,00000001,000ffffe,22038
00000820,00000001,000ffffe,22388
00000810,00000002,000ffffe,22836
00000828,00000002,000ffffe,23060
00000818,00000700,00080483,23362
000007f0,00000001,000ffffe,23443
00000828,00000002,000ffffe,23876
00000810,00000002,000ffffe,24332
00000810,00000002,000ffffe,24832
000007f8,00000002,000ffffe,25322
00000840,00000001,000ffffe,25806
000007d4,0000000a,00080400,26058
000007f8,00000002,000ffffe,26172
000007c4,00000001,000ffffe,26472
00000844,00000001,000ffffe,26623
00000848,00000001,000ffffe,26699
000007d8,00000001,000ffffe,27009
00000808,00000001,000ffffe,27404
000007cc,00000002,000ffffe,27603
00000844,00000001,000ffffe,27973
00000840,00000001,000ffffe,28159
00000808,00000001,000ffffe,28492
000007f0,00000001,000ffffe,28659
00000838,00000001,000ffffe,28743
000007f0,00000001,000ffffe,29057
00000820,00000001,000ffffe,29454
000007f8,00000002,000ffffe,29654
000007d8,00000001,000ffffe,29753
000007f0,00000001,000ffffe,30043
00000844,00000001,000ffffe,30428
000007f0,00000001,000ffffe,30621
00000848,00000001,000ffffe,30718
00000808,00000001,000ffffe,30767
00000844,00000001,000ffffe,30792
00000828,00000002,000ffffe,30806
000007cc,00000002,000ffffe,30813
000007f8,00000002,000ffffe,30817
00000808,00000001,000ffffe,31090
00000810,00000002,000ffffe,31500
00000818,00000011,00080483,31720
00000820,00000001,000ffffe,31807
00000828,00000002,000ffffe,31860
000007f8,00000002,000ffffe,32126
000007d4,0000000a,00080400,32539
000007cc,00000002,000ffffe,32734
00000828,00000002,000ffffe,32836
00000838,00000001,000ffffe,33126
00000804,00000011,000800b9,33288
00000828,00000002,000ffffe,33618
00000840,00000001,000ffffe,33790
00000848,00000001,000ffffe,33877
00000818,00000011,00080484,33937
00000848,00000001,000ffffe,34183
00000828,00000002,000ffffe,34587
00000818,00000011,00080487,34804
000007cc,00000002,000ffffe,35162
000007cc,00000002,000ffffe,35349
00000820,00000001,000ffffe,35442
00000838,00000001,000ffffe,35921
00000810,00000002,000ffffe,36274
00000840,00000001,000ffffe,36721
00000834,00000007,00080401,37191
00000804,00000011,000800ca,37705
000007f8,00000002,000ffffe,38182
00000844,00000001,000ffffe,38667
00000844,00000001,000ffffe,39150
000007d4,0000000a,00080401,39401
00000804,00000011,000800d1,39769
000007c4,00000001,000ffffe,39934
00000804,00000011,000800d2,40041
000007cc,00000002,000ffffe,40072
00000818,00000011,00080485,40350
000007f8,00000002,000ffffe,40467
000007d8,00000001,000ffffe,40804
00000834,00000007,00080401,41251
00000834,00000007,00080401,41472
000007f0,00000001,000ffffe,41577
00000818,00000011,00080482,41649
000007f8,00000002,000ffffe,41902
000007d8,00000001,000ffffe,42307
000007d4,0000000a,00080401,42791
00000834,00000007,00080401,43026
00000840,00000001,000ffffe,43379
00000808,00000001,000ffffe,43559
00000840,00000001,000ffffe,43889
00000818,00000011,00080484,44342
00000808,00000001,000ffffe,44545
00000844,00000001,000ffffe,44655
000007f0,00000001,000ffffe,44950
00000818,00000011,00080480,45114
00000844,00000001,000ffffe,45444
000007cc,00000002,000ffffe,45890
000007d8,00000001,000ffffe,46112
00000838,00000001,000ffffe,46224
000007d8,00000001,000ffffe,46520
000007c4,00000001,000ffffe,46908
000007c4,00000001,000ffffe,47374
00000834,00000007,00080401,47885
00000820,00000001,000ffffe,48132
000007cc,00000002,000ffffe,48260
00000840,00000001,000ffffe,48323
00000840,00000001,000ffffe,48595
00000840,00000001,000ffffe,49003
00000808,00000001,000ffffe,49479
00000808,00000001,000ffffe,49989
00000818,00000011,00080484,50500
000007d4,0000000a,00080401,50741
00000818,00000011,00080487,51112
00000848,00000001,000ffffe,51518
00000810,00000002,000ffffe,51970
00000838,00000001,000ffffe,52195
00000848,00000001,000ffffe,52725
000007d8,00000001,000ffffe,52814
00000840,00000001,000ffffe,52859
000007d8,00000001,000ffffe,52882
00000844,00000001,000ffffe,52894
000007f0,00000001,000ffffe,53172
000007c4,00000001,000ffffe,53583
000007d4,0000000a,00080401,53798
000007d8,00000001,000ffffe,54164
00000818,00000700,00080484,54339
000007f0,00000001,000ffffe,54352
00000844,00000001,000ffffe,54686
00000834,00000007,00080401,55131
000007f0,00000001,000ffffe,55345
00000834,00000007,00080401,55733
000007cc,00000002,000ffffe,56159
00000838,00000001,000ffffe,56374
000007d4,0000000a,00080401,56763
00000808,00000001,000ffffe,57184
00000838,00000001,000ffffe,57639
000007d8,00000001,000ffffe,57867
000007c4,00000001,000ffffe,58221
00000818,00000011,00080484,58654
00000840,00000001,000ffffe,58847
000007c4,00000001,000ffffe,58952
000007d4,0000000a,00080401,59014
00000834,00000007,00080401,59038
00000818,00000011,00080486,59062
00000848,00000001,000ffffe,59325
00000838,00000001,000ffffe,59465
00000844,00000001,000ffffe,59807
00000848,00000001,000ffffe,60250
000007c4,00000001,000ffffe,60472
00000818,00000011,00080485,60871
00000840,00000001,000ffffe,61047
00000820,00000001,000ffffe,61383
000007cc,00000002,000ffffe,61824
000007d4,0000000a,00080401,62292
00000828,00000002,000ffffe,62786
00000818,00000011,00080486,63292
00000820,00000001,000ffffe,63522
00000848,00000001,000ffffe,63885
00000828,00000002,000ffffe,64068
000007d4,0000000a,00080401,64407
00000844,00000001,000ffffe,64564
00000844,00000001,000ffffe,64887
00000808,00000001,000ffffe,65049
000007f8,00000002,000ffffe,65371
00000804,00000011,00080130,65547
000007d4,0000000a,00080402,65621
00000818,00000011,00080480,65669
00000838,00000001,000ffffe,65674
00000808,00000001,000ffffe,65685
00000838,00000001,000ffffe,65691
00000848,00000001,000ffffe,65966
000007cc,00000002,000ffffe,66105
000007d4,0000000a,00080402,66454
000007d8,00000001,000ffffe,66616
000007f0,00000001,000ffffe,66702
00000838,00000001,000ffffe,67017
000007cc,00000002,000ffffe,67176
00000834,00000007,00080402,67532
00000828,00000002,000ffffe,67703
00000848,00000001,000ffffe,68030
00000820,00000001,000ffffe,68466
000007c4,00000001,000ffffe,69425
00000804,00000011,0008013f,69692
00000838,00000001,000ffffe,69802
00000820,00000001,000ffffe,70105
00000818,00000011,00080482,70273
000007c4,00000001,000ffffe,70605
00000818,00000700,00080484,70715
000007f0,00000001,000ffffe,71051
00000810,00000002,000ffffe,71515
00000834,00000007,00080402,71752
00000828,00000002,000ffffe,72103
000007f0,00000001,000ffffe,72520
00000828,00000002,000ffffe,72970
00000844,00000001,000ffffe,73194
00000818,00000011,00080486,73323
00000844,00000001,000ffffe,73364
00000820,00000001,000ffffe,73393
00000810,00000002,000ffffe,73409
00000848,00000001,000ffffe,73416
000007d8,00000001,000ffffe,73692
00000844,00000001,000ffffe,74102
00000848,00000001,000ffffe,74579
000007c4,00000001,000ffffe,74818
000007cc,00000002,000ffffe,74939
00000834,00000007,00080402,75244
00000828,00000002,000ffffe,75629
00000834,00000007,00080402,76101
00000810,00000002,000ffffe,76330
00000810,00000002,000ffffe,76687
000007c4,00000001,000ffffe,76865
000007f8,00000002,000ffffe,76956
00000848,00000001,000ffffe,77272
000007f8,00000002,000ffffe,77432
000007c4,00000001,000ffffe,77511
00000848,00000001,000ffffe,77823
000007f0,00000001,000ffffe,78219
00000844,00000001,000ffffe,78689
00000834,00000007,00080402,79202
00000828,00000002,000ffffe,79451
000007f0,00000001,000ffffe,79817
00000828,00000002,000ffffe,80002
000007d8,00000001,000ffffe,80333
00000848,00000001,000ffffe,80771
00000848,00000001,000ffffe,81230
00000810,00000002,000ffffe,81461
00000804,00000011,0008016b,81831
00000808,00000001,000ffffe,81993
00000838,00000001,000ffffe,82322
00000810,00000002,000ffffe,82488
00000804,00000011,0008016e,82586
00000840,00000001,000ffffe,82612
000007d8,00000001,000ffffe,82873
00000844,00000001,000ffffe,83004
00000838,00000001,000ffffe,83070
00000834,00000007,00080402,83381
00000834,00000007,00080402,83534
000007f0,00000001,000ffffe,83605
00000818,00000011,00080486,83660
00000834,00000007,00080402,83670
00000844,00000001,000ffffe,83946
000007d8,00000001,000ffffe,84359
00000804,00000011,00080175,84582
00000810,00000002,000ffffe,84671
00000828,00000002,000ffffe,84963
00000804,00000011,00080178,85364
00000834,00000007,00080402,85819
000007c4,00000001,000ffffe,86046
00000844,00000001,000ffffe,86163
00000804,00000011,0008017b,86238
000007d4,0000000a,00080402,86261
000007c4,00000001,000ffffe,86539
00000810,00000002,000ffffe,86684
00000834,00000007,00080402,87033
00000840,00000001,000ffffe,87471
000007c4,00000001,000ffffe,87933
000007d8,00000001,000ffffe,88436
000007c4,00000001,000ffffe,88688
00000818,00000011,00080483,89070
00000808,00000001,000ffffe,89477
00000844,00000001,000ffffe,89689
000007d4,0000000a,00080402,90076
00000848,00000001,000ffffe,90496
00000820,00000001,000ffffe,90711
00000848,00000001,000ffffe,90819
000007f0,00000001,000ffffe,91113
000007c4,00000001,000ffffe,91500
00000808,00000001,000ffffe,91694
000007d4,0000000a,00080402,92072
00000820,00000001,000ffffe,92248
000007cc,00000002,000ffffe,92342
00000840,00000001,000ffffe,92388
000007f0,00000001,000ffffe,92412
00000848,00000001,000ffffe,92696
000007f8,00000002,000ffffe,93111
00000810,00000002,000ffffe,93590
00000820,00000001,000ffffe,93829
00000804,00000011,00080199,94205
000007cc,00000002,000ffffe,94610
00000818,00000011,00080483,95075
00000838,00000001,000ffffe,95556
00000808,00000001,000ffffe,95805
00000838,00000001,000ffffe,95930
00000810,00000002,000ffffe,95994
00000804,00000011,0008019f,96041
00000844,00000001,000ffffe,96313
00000804,00000011,000801a2,96745
00000820,00000001,000ffffe,97209
00000834,00000007,00080402,97727
00000844,00000001,000ffffe,98217
000007d8,00000001,000ffffe,98705
00000828,00000002,000ffffe,99190
000007c4,00000001,000ffffe,99671
000007f8,00000002,000ffffe,100153
000007cc,00000002,000ffffe,100394
000007d8,00000001,000ffffe,100514
00000838,00000001,000ffffe,100575
00000820,00000001,000ffffe,100606
00000818,00000011,00080481,100638
000007c4,00000001,000ffffe,100902
000007f0,00000001,000ffffe,101314
00000804,00000011,000801b4,101808
00000808,00000001,000ffffe,102303
000007cc,00000002,000ffffe,102560
00000834,00000007,00080403,102933
00000828,00000002,000ffffe,103352
000007f0,00000001,000ffffe,103803
00000818,00000011,00080487,104317
00000844,00000001,000ffffe,104790
000007f8,00000002,000ffffe,105036
00000818,00000011,00080482,105174
000007d8,00000001,000ffffe,105220
000007d4,0000000a,00080403,105500
000007d4,0000000a,00080403,105636
000007d4,0000000a,00080403,105976
000007d4,0000000a,00080403,106418
00000840,00000001,000ffffe,106870
00000808,00000001,000ffffe,107101
000007f0,00000001,000ffffe,107217
00000838,00000001,000ffffe,107515
00000828,00000002,000ffffe,107905
000007d4,0000000a,00080403,108108
00000844,00000001,000ffffe,108197
00000844,00000001,000ffffe,108486
000007c4,00000001,000ffffe,108631
000007f8,00000002,000ffffe,108705
00000810,00000002,000ffffe,108742
00000820,00000001,000ffffe,108760
000007d8,00000001,000ffffe,108770
00000810,00000002,000ffffe,109048
00000828,00000002,000ffffe,109187
00000838,00000001,000ffffe,109256
00000840,00000001,000ffffe,109563
00000844,00000001,000ffffe,109717
00000808,00000001,000ffffe,110066
00000834,00000007,00080403,110247
00000844,00000001,000ffffe,110329
000007cc,00000002,000ffffe,110646
00000810,00000002,000ffffe,111044
000007d8,00000001,000ffffe,111514
000007cc,00000002,000ffffe,111751
000007d4,0000000a,00080403,112117
00000838,00000001,000ffffe,112527
00000834,00000007,00080403,112743
00000844,00000001,000ffffe,113114
000007c4,00000001,000ffffe,113303
00000820,00000001,000ffffe,113398
00000808,00000001,000ffffe,113446
00000848,00000001,000ffffe,113710
00000834,00000007,00080403,114120
00000820,00000001,000ffffe,114588
000007d4,0000000a,00080403,115106
000007d4,0000000a,00080403,115361
00000828,00000002,000ffffe,115481
00000818,00000011,00080484,115800
00000820,00000001,000ffffe,116176
000007d4,0000000a,00080403,116653
00000810,00000002,000ffffe,117151
00000810,00000002,000ffffe,117644
000007c4,00000001,000ffffe,117890
000007f8,00000002,000ffffe,118015
000007cc,00000002,000ffffe,118317
000007cc,00000002,000ffffe,118708
000007d8,00000001,000ffffe,118903
00000848,00000001,000ffffe,119273
00000848,00000001,000ffffe,119698
00000810,00000002,000ffffe,119912
00000838,00000001,000ffffe,120018
00000848,00000001,000ffffe,120072
00000828,00000002,000ffffe,120340
00000818,00000011,00080486,120489
000007cc,00000002,000ffffe,120813
000007cc,00000002,000ffffe,120983
000007d8,00000001,000ffffe,121307
00000838,00000001,000ffffe,121470
00000820,00000001,000ffffe,121552
000007c4,00000001,000ffffe,121865
000007f0,00000001,000ffffe,122022
00000844,00000001,000ffffe,122101
000007f0,00000001,000ffffe,122141
00000818,00000011,00080485,122417
000007d8,00000001,000ffffe,122803
00000820,00000001,000ffffe,123276
00000818,00000011,00080482,123529
00000818,00000011,00080482,123648
000007cc,00000002,000ffffe,123693
00000848,00000001,000ffffe,123962
00000844,00000001,000ffffe,124369
00000844,00000001,000ffffe,124573
00000810,00000002,000ffffe,124948
00000820,00000001,000ffffe,125374
000007d8,00000001,000ffffe,125588
00000810,00000002,000ffffe,125968
00000828,00000002,000ffffe,126158
00000804,00000011,0008020f,126508
000007f0,00000001,000ffffe,126660
00000844,00000001,000ffffe,126984
00000808,00000001,000ffffe,127418
000007f8,00000002,000ffffe,127876
00000838,00000001,000ffffe,128104
00000818,00000011,00080484,128235
00000848,00000001,000ffffe,128277
00000838,00000001,000ffffe,128546
00000834,00000007,00080403,128687
00000834,00000007,00080403,128755
000007f8,00000002,000ffffe,129056
00000808,00000001,000ffffe,129448
000007c4,00000001,000ffffe,129645
00000840,00000001,000ffffe,129744
00000838,00000001,000ffffe,129794
00000804,00000011,0008021c,130075
000007d8,00000001,000ffffe,130192
000007d4,0000000a,00080403,130268
000007d4,0000000a,00080403,130302
000007f0,00000001,000ffffe,130550
00000840,00000001,000ffffe,130679
00000828,00000002,000ffffe,130745
00000820,00000001,000ffffe,130777
00000820,00000001,000ffffe,130794
00000808,00000001,000ffffe,130808
00000820,00000001,000ffffe,130811
000007d4,0000000a,00080403,130812
00000834,00000007,00080403,130819
00000804,00000011,00080220,131102
00000808,00000001,000ffffe,131223
00000810,00000002,000ffffe,131293
00000818,00000011,00080481,131343
00000820,00000001,000ffffe,131345
000007d4,0000000a,00080404,131635
00000808,00000001,000ffffe,131767
00000820,00000001,000ffffe,131838
00000834,00000007,00080404,131880
00000844,00000001,000ffffe,132132
00000810,00000002,000ffffe,132534
000007f8,00000002,000ffffe,132735
000007f0,00000001,000ffffe,132835
000007f0,00000001,000ffffe,132886
00000838,00000001,000ffffe,132912
000007d4,0000000a,00080404,133206
00000838,00000001,000ffffe,133412
00000844,00000001,000ffffe,133720
000007cc,00000002,000ffffe,134115
00000828,00000002,000ffffe,134584
00000810,00000002,000ffffe,134819
00000808,00000001,000ffffe,134936
00000818,00000700,00080480,135131
00000820,00000001,000ffffe,135235
00000808,00000001,000ffffe,135385
00000840,00000001,000ffffe,135732
000007cc,00000002,000ffffe,135907
000007f8,00000002,000ffffe,136234
00000848,00000001,000ffffe,136397
00000844,00000001,000ffffe,136719
00000804,00000018,00080236,137175
00000834,00000007,00080404,137375
000007d4,0000000a,00080404,137487
00000804,00000011,00080237,137549
000007c4,00000001,000ffffe,137561
00000840,00000001,000ffffe,137847
000007f0,00000001,000ffffe,138262
00000810,00000002,000ffffe,138471
00000820,00000001,000ffffe,138846
00000804,00000011,0008023e,139290
000007cc,00000002,000ffffe,139729
00000808,00000001,000ffffe,140227
000007d4,0000000a,00080404,140486
00000820,00000001,000ffffe,140842
00000804,00000011,00080244,141041
00000838,00000001,000ffffe,141117
000007cc,00000002,000ffffe,141436
00000818,00000011,00080482,141850
000007f8,00000002,000ffffe,142035
000007d8,00000001,000ffffe,142406
000007f0,00000001,000ffffe,142832
00000844,00000001,000ffffe,143285
00000840,00000001,000ffffe,143512
00000818,00000011,00080481,143642
000007c4,00000001,000ffffe,143923
00000838,00000001,000ffffe,144072
000007d8,00000001,000ffffe,144147
00000808,00000001,000ffffe,144185
00000828,00000002,000ffffe,144445
000007f8,00000002,000ffffe,144575
000007d4,0000000a,00080404,144920
000007cc,00000002,000ffffe,145081
000007cc,00000002,000ffffe,145166
00000820,00000001,000ffffe,145208
00000844,00000001,000ffffe,145230
000007d4,0000000a,00080404,145522
00000810,00000002,000ffffe,145656
00000828,00000002,000ffffe,145999
00000838,00000001,000ffffe,146170
00000848,00000001,000ffffe,146496
00000818,00000011,00080485,146947
00000804,00000011,0008025b,147165
00000804,00000011,0008025c,147546
00000820,00000001,000ffffe,147721
000007f0,00000001,000ffffe,147817
000007cc,00000002,000ffffe,148138
00000820,00000001,000ffffe,148537
00000804,00000011,00080261,149025
00000840,00000001,000ffffe,149517
00000844,00000001,000ffffe,150011
00000818,00000011,00080483,150514
00000844,00000001,000ffffe,150742
000007d8,00000001,000ffffe,151104
00000818,00000011,00080480,151541
00000848,00000001,000ffffe,151736
000007d8,00000001,000ffffe,151842
00000808,00000001,000ffffe,152135
000007cc,00000002,000ffffe,152283
00000808,00000001,000ffffe,152356
00000820,00000001,000ffffe,152665
00000834,00000007,00080404,152826
000007f8,00000002,000ffffe,152899
00000820,00000001,000ffffe,153209
00000838,00000001,000ffffe,153365
00000848,00000001,000ffffe,153715
000007f0,00000001,000ffffe,154162
00000808,00000001,000ffffe,154386
000007c4,00000001,000ffffe,154770
00000808,00000001,000ffffe,155202
00000840,00000001,000ffffe,155658
000007f0,00000001,000ffffe,156158
000007cc,00000002,000ffffe,156649
00000820,00000001,000ffffe,157133
00000844,00000001,000ffffe,157376
000007cc,00000002,000ffffe,157499
00000804,00000011,00080282,157815
000007f0,00000001,000ffffe,157950
00000834,00000007,00080404,158032
00000848,00000001,000ffffe,158336
000007d8,00000001,000ffffe,158731
00000840,00000001,000ffffe,158929
00000828,00000002,000ffffe,159301
00000820,00000001,000ffffe,159486
00000838,00000001,000ffffe,159819
00000820,00000001,000ffffe,159986
00000818,00000011,00080481,160086
000007c4,00000001,000ffffe,160384
00000804,00000011,0008028d,160797
000007cc,00000002,000ffffe,160981
00000848,00000001,000ffffe,161080
000007c4,00000001,000ffffe,161370
000007f0,00000001,000ffffe,161755
00000820,00000001,000ffffe,161948
000007f8,00000002,000ffffe,162046
000007d8,00000001,000ffffe,162094
00000828,00000002,000ffffe,162120
00000808,00000001,000ffffe,162132
00000840,00000001,000ffffe,162139
000007cc,00000002,000ffffe,162144
000007d8,00000001,000ffffe,162417
000007f0,00000001,000ffffe,162826
000007f8,00000002,000ffffe,163032
00000804,00000011,00080295,163150
00000808,00000001,000ffffe,163186
000007cc,00000002,000ffffe,163453
00000810,00000002,000ffffe,163858
00000808,00000001,000ffffe,164060
00000808,00000001,000ffffe,164162
00000818,00000011,00080482,164469
000007d4,0000000a,00080405,164608
00000808,00000001,000ffffe,164944
00000820,00000001,000ffffe,165117
00000834,00000007,00080405,165210
000007f8,00000002,000ffffe,165249
00000834,00000007,00080405,165516
000007c4,00000001,000ffffe,165913
00000844,00000001,000ffffe,166115
00000840,00000001,000ffffe,166488
00000840,00000001,000ffffe,166675
000007d4,0000000a,00080405,167097
00000818,00000011,00080485,167264
000007f0,00000001,000ffffe,167600
000007d8,00000001,000ffffe,168048
00000810,00000002,000ffffe,168513
000007d4,0000000a,00080405,169025
000007cc,00000002,000ffffe,169509
000007f0,00000001,000ffffe,169994
00000828,00000002,000ffffe,170478
00000844,00000001,000ffffe,170719
000007d4,0000000a,00080405,171089
00000838,00000001,000ffffe,171261
000007d4,0000000a,00080405,171361
00000840,00000001,000ffffe,171398
000007f8,00000002,000ffffe,171662
000007cc,00000002,000ffffe,171794
00000818,00000011,00080480,172147
00000810,00000002,000ffffe,172573
00000810,00000002,000ffffe,172794
000007c4,00000001,000ffffe,172904
000007f8,00000002,000ffffe,172961
000007cc,00000002,000ffffe,173229
00000848,00000001,000ffffe,173634
00000810,00000002,000ffffe,174110
00000810,00000002,000ffffe,174348
00000820,00000001,000ffffe,174706
000007d8,00000001,000ffffe,174886
00000820,00000001,000ffffe,175216
000007f8,00000002,000ffffe,175654
000007d8,00000001,000ffffe,175872
00000828,00000002,000ffffe,175983
00000820,00000001,000ffffe,176277
000007f8,00000002,000ffffe,176426
00000828,00000002,000ffffe,176772
00000840,00000001,000ffffe,177216
00000848,00000001,000ffffe,177439
00000818,00000011,00080485,177567
00000848,00000001,000ffffe,177847
00000838,00000001,000ffffe,178701
00000810,00000002,000ffffe,179207
00000804,00000011,000802d1,179475
00000840,00000001,000ffffe,179586
00000820,00000001,000ffffe,179650
00000820,00000001,000ffffe,179922
000007d8,00000001,000ffffe,180330
000007d8,00000001,000ffffe,180806
000007d8,00000001,000ffffe,181316
000007f8,00000002,000ffffe,181812
00000844,00000001,000ffffe,182059
00000844,00000001,000ffffe,182423
00000834,00000007,00080405,182851
000007f0,00000001,000ffffe,183296
00000818,00000011,00080484,183538
000007f8,00000002,000ffffe,183876
00000834,00000007,00080405,184058
00000848,00000001,000ffffe,184141
00000820,00000001,000ffffe,184186
00000848,00000001,000ffffe,184209
00000828,00000002,000ffffe,184222
00000820,00000001,000ffffe,184499
00000838,00000001,000ffffe,184910
00000844,00000001,000ffffe,185116
00000848,00000001,000ffffe,185491
000007c4,00000001,000ffffe,185679
00000828,00000002,000ffffe,186014
000007cc,00000002,000ffffe,186453
000007c4,00000001,000ffffe,186672
00000810,00000002,000ffffe,187055
00000840,00000001,000ffffe,187485
00000818,00000011,00080485,187717
00000844,00000001,000ffffe,188081
00000838,00000001,000ffffe,188511
00000818,00000011,00080482,188982
00000848,00000001,000ffffe,189194
00000838,00000001,000ffffe,189548
000007f8,00000002,000ffffe,189966
00000820,00000001,000ffffe,190174
00000838,00000001,000ffffe,190279
00000844,00000001,000ffffe,190332
00000810,00000002,000ffffe,190360
000007f8,00000002,000ffffe,190374
000007f8,00000002,000ffffe,190653
00000818,00000011,00080481,190808
00000828,00000002,000ffffe,191135
00000834,00000007,00080405,191583
00000838,00000001,000ffffe,191799
000007f8,00000002,000ffffe,192183
00000820,00000001,000ffffe,192374
00000848,00000001,000ffffe,192710
00000840,00000001,000ffffe,193150
00000844,00000001,000ffffe,193610
00000808,00000001,000ffffe,194112
00000844,00000001,000ffffe,194603
00000804,00000011,00080309,194865
00000834,00000007,00080405,195218
00000808,00000001,000ffffe,195394
00000844,00000001,000ffffe,195725
00000828,00000002,000ffffe,195892
00000828,00000002,000ffffe,196215
000007d8,00000001,000ffffe,196376
00000828,00000002,000ffffe,196698
000007d4,0000000a,00080406,196867
00000844,00000001,000ffffe,196939
000007f8,00000002,000ffffe,196981
000007d8,00000001,000ffffe,197012
00000818,00000011,00080481,197017
00000818,00000011,00080481,197034
00000834,00000007,00080406,197299
00000840,00000001,000ffffe,197431
00000844,00000001,000ffffe,197772
00000848,00000001,000ffffe,197943
000007c4,00000001,000ffffe,198029
00000818,00000011,00080486,198360
00000840,00000001,000ffffe,198502
000007cc,00000002,000ffffe,198854
00000808,00000001,000ffffe,199029
00000834,00000007,00080406,199363
000007f8,00000002,000ffffe,200252
00000804,00000011,0008031f,200768
000007d4,0000000a,00080406,201012
00000818,00000011,00080481,201145
000007f8,00000002,000ffffe,201585
00000838,00000001,000ffffe,201932
000007c4,00000001,000ffffe,202378
00000840,00000001,000ffffe,202841
00000810,00000002,000ffffe,203074
00000808,00000001,000ffffe,203429
000007c4,00000001,000ffffe,203847
00000808,00000001,000ffffe,204296
00000828,00000002,000ffffe,204522
000007f8,00000002,000ffffe,204635
00000828,00000002,000ffffe,204692
00000848,00000001,000ffffe,204720
00000840,00000001,000ffffe,204735
000007f8,00000002,000ffffe,204744
00000818,00000011,00080481,205035
00000828,00000002,000ffffe,205430
00000834,00000007,00080406,205912
00000838,00000001,000ffffe,206145
00000840,00000001,000ffffe,206265
00000810,00000002,000ffffe,206566
000007c4,00000001,000ffffe,206955
00000810,00000002,000ffffe,207423
000007f0,00000001,000ffffe,207656
000007f0,00000001,000ffffe,208013
00000838,00000001,000ffffe,208192
000007cc,00000002,000ffffe,208283
00000834,00000007,00080406,208605
000007cc,00000002,000ffffe,208759
00000804,00000011,0008033d,208854
00000834,00000007,00080406,209156
000007c4,00000001,000ffffe,209546
00000828,00000002,000ffffe,210017
00000810,00000002,000ffffe,210524
00000808,00000001,000ffffe,210777
00000820,00000001,000ffffe,211144
00000808,00000001,000ffffe,211328
00000848,00000001,000ffffe,211660
00000834,00000007,00080406,212104
00000834,00000007,00080406,212563
000007f0,00000001,000ffffe,212787
00000834,00000007,00080406,213148
000007d8,00000001,000ffffe,213320
00000818,00000011,00080482,213665
000007f0,00000001,000ffffe,213814
000007d4,0000000a,00080406,213906
00000820,00000001,000ffffe,213939
00000848,00000001,000ffffe,214200
00000828,00000002,000ffffe,214332
00000818,00000011,00080485,214413
00000810,00000002,000ffffe,214703
00000810,00000002,000ffffe,214856
000007c4,00000001,000ffffe,214932
00000844,00000001,000ffffe,214971
000007cc,00000002,000ffffe,214992
00000828,00000002,000ffffe,215274
00000848,00000001,000ffffe,215686
000007d4,0000000a,00080406,215902
000007f0,00000001,000ffffe,215997
00000808,00000001,000ffffe,216289
000007d4,0000000a,00080406,216684
000007cc,00000002,000ffffe,217141
00000838,00000001,000ffffe,217373
00000828,00000002,000ffffe,217491
000007d4,0000000a,00080406,217558
00000844,00000001,000ffffe,217579
00000838,00000001,000ffffe,217866
000007f0,00000001,000ffffe,218010
00000810,00000002,000ffffe,218355
00000820,00000001,000ffffe,218798
00000804,00000011,00080363,219276
00000848,00000001,000ffffe,219763
00000838,00000001,000ffffe,220015
000007f8,00000002,000ffffe,220382
000007d8,00000001,000ffffe,220804
00000828,00000002,000ffffe,221017
00000810,00000002,000ffffe,221395
00000834,00000007,00080406,221829
00000804,00000011,0008036d,222054
00000834,00000007,00080406,222152
000007c4,00000001,000ffffe,222440
00000838,00000001,000ffffe,222827
000007d8,00000001,000ffffe,223021
00000810,00000002,000ffffe,223391
00000804,00000011,00080373,223591
00000840,00000001,000ffffe,223668
00000820,00000001,000ffffe,223715
000007c4,00000001,000ffffe,223739
00000834,00000007,00080406,224029
000007cc,00000002,000ffffe,224438
000007f0,00000001,000ffffe,224916
00000804,00000011,00080378,225172
000007d4,0000000a,00080406,225525
00000840,00000001,000ffffe,225936
000007f8,00000002,000ffffe,226387
00000818,00000011,00080486,226899
000007d8,00000001,000ffffe,227132
000007d4,0000000a,00080406,227266
00000840,00000001,000ffffe,227320
00000834,00000007,00080406,227358
00000828,00000002,000ffffe,227641
000007d4,0000000a,00080406,228065
00000804,00000011,00080385,228552
00000810,00000002,000ffffe,229049
000007f0,00000001,000ffffe,229544
00000848,00000001,000ffffe,230032
00000808,00000001,000ffffe,230516
00000838,00000001,000ffffe,230998
00000828,00000002,000ffffe,231480
00000840,00000001,000ffffe,231720
00000848,00000001,000ffffe,231841
00000818,00000011,00080482,231918
00000804,00000011,00080391,231949
000007f8,00000002,000ffffe,231950
00000838,00000001,000ffffe,232229
000007c4,00000001,000ffffe,232641
000007d4,0000000a,00080407,233128
00000838,00000001,000ffffe,233630
00000840,00000001,000ffffe,233886
00000810,00000002,000ffffe,234255
00000808,00000001,000ffffe,234678
000007c4,00000001,000ffffe,235130
00000844,00000001,000ffffe,235628
00000828,00000002,000ffffe,236118
000007cc,00000002,000ffffe,236363
000007f8,00000002,000ffffe,236486
00000848,00000001,000ffffe,236547
00000844,00000001,000ffffe,236818
00000844,00000001,000ffffe,236954
00000844,00000001,000ffffe,237294
00000810,00000002,000ffffe,237737
00000820,00000001,000ffffe,238197
000007d8,00000001,000ffffe,238428
000007c4,00000001,000ffffe,238544
00000818,00000011,00080485,238858
00000808,00000001,000ffffe,239231
00000844,00000001,000ffffe,239426
000007f0,00000001,000ffffe,239524
000007f0,00000001,000ffffe,239813
00000838,00000001,000ffffe,239958
000007cc,00000002,000ffffe,240032
000007f0,00000001,000ffffe,240068
00000848,00000001,000ffffe,240097
00000804,00000011,000803af,240103
000007f0,00000001,000ffffe,240374
00000808,00000001,000ffffe,240513
00000818,00000011,00080483,240599
00000820,00000001,000ffffe,240890
00000828,00000002,000ffffe,241045
000007d8,00000001,000ffffe,241393
000007cc,00000002,000ffffe,241569
000007f0,00000001,000ffffe,241656
00000840,00000001,000ffffe,241972
000007f0,00000001,000ffffe,242370
00000848,00000001,000ffffe,242841
00000840,00000001,000ffffe,243077
00000844,00000001,000ffffe,243435
000007d4,0000000a,00080407,243863
00000810,00000002,000ffffe,244065
00000828,00000002,000ffffe,244442
00000838,00000001,000ffffe,244630
00000804,00000011,000803c0,244741
000007d8,00000001,000ffffe,244773
00000834,00000007,00080407,245043
00000810,00000002,000ffffe,245442
000008ec,00000001,000ffffe,245915
000008e8,00000007,00080440,246430
000008e8,00000007,00080440,246685
000008a4,00000001,000ffffe,246807
00000888,0000000a,00080440,247120
00000804,00010d32,000802cc,247148
0000088c,00000001,000ffffe,247503
000008ac,00000002,000ffffe,247972
00000880,00000002,000ffffe,248478
00000880,00000002,000ffffe,248971
000008d4,00000001,000ffffe,249217
000008f8,00000001,000ffffe,249341
000008dc,00000002,000ffffe,249644
000008a4,00000001,000ffffe,250034
000008ec,00000001,000ffffe,250230
000008cc,00000011,000804c3,250616
000008cc,00000011,000804c4,251041
00000880,00000002,000ffffe,251239
000008cc,00000011,000804c6,251415
000008a4,00000001,000ffffe,251666
00000910,00000001,000ffffe,251800
000008dc,00000002,000ffffe,252140
000008dc,00000002,000ffffe,252310
000008ec,00000001,000ffffe,252634
0000088c,00000001,000ffffe,252879
000008d4,00000001,000ffffe,253192
000008f4,00000001,000ffffe,253349
000008b8,000007ff,000802f9,253391
000008c4,00000002,000ffffe,253429
000008f4,00000001,000ffffe,253468
00000888,0000000a,00080440,253737
0000088c,00000001,000ffffe,254603
000008b8,000007ff,000801f3,254843
00000888,0000000a,00080440,254849
00000888,0000000a,00080440,254968
000008dc,00000002,000ffffe,255020
000008cc,00000011,000804c5,255305
000008c4,00000002,000ffffe,255697
00000880,00000002,000ffffe,255901
000008b8,000007ff,000800b8,256176
00000880,00000002,000ffffe,256275
0000088c,00000001,000ffffe,256701
000008ec,00000001,000ffffe,256915
00000880,00000002,000ffffe,257295
000008a4,00000001,000ffffe,257484
000008fc,00000001,000ffffe,257819
000008bc,00000001,000ffffe,257987
000008c4,00000002,000ffffe,258312
00000878,00000001,000ffffe,258745
000008f8,00000001,000ffffe,259202
00000888,0000000a,00080440,259555
000008cc,00000011,000804c6,259620
000008f8,00000001,000ffffe,260008
000008f8,00000001,000ffffe,260076
000008f8,00000001,000ffffe,260382
00000878,00000001,000ffffe,260775
000008d4,00000001,000ffffe,260972
000008bc,00000001,000ffffe,261071
000008fc,00000001,000ffffe,261386
000008b8,000007ff,000802cc,261477
000008ec,00000001,000ffffe,261519
000008e8,00000007,00080440,261592
000008e8,00000007,00080440,261626
000008f4,00000001,000ffffe,261877
000008b8,000007ff,0008038f,261919
000008bc,00000001,000ffffe,262006
000008f4,00000001,000ffffe,262071
000008ec,00000001,000ffffe,262104
000008ec,00000001,000ffffe,262121
000008ac,00000002,000ffffe,262131
000008d4,00000001,000ffffe,262135
000008ec,00000001,000ffffe,262138
000008f8,00000001,000ffffe,262140
000008fc,00000001,000ffffe,262413
00000878,00000001,000ffffe,262550
00000880,00000002,000ffffe,262620
00000888,0000000a,00080440,262663
0000088c,00000001,000ffffe,262672
000008e8,00000007,00080440,262959
00000878,00000001,000ffffe,263094
0000088c,00000001,000ffffe,263165
000008b8,000007ff,0008022f,263167
000008ac,00000002,000ffffe,263202
000008c4,00000002,000ffffe,263460
00000880,00000002,000ffffe,263861
000008f8,00000001,000ffffe,264061
000008bc,00000001,000ffffe,264162
000008bc,00000001,000ffffe,264213
000008fc,00000001,000ffffe,264239
000008e8,00000007,00080440,264530
00000888,0000000a,00080440,264676
000008c4,00000002,000ffffe,265048
000008dc,00000002,000ffffe,265442
000008a4,00000001,000ffffe,265910
000008dc,00000002,000ffffe,266146
000008d4,00000001,000ffffe,266263
0000088c,00000001,000ffffe,266562
00000878,00000001,000ffffe,266712
000008b8,000007ff,0008015d,266785
000008bc,00000001,000ffffe,267059
000008dc,00000002,000ffffe,267234
000008f8,00000001,000ffffe,267560
000008cc,00000011,000804c5,267740
000008c4,00000002,000ffffe,268047
000008cc,00000011,000804c1,268495
000008ac,00000002,000ffffe,268697
000008e8,00000007,00080440,268811
000008fc,00000001,000ffffe,268860
000008d4,00000001,000ffffe,268888
000008bc,00000001,000ffffe,269174
000008f4,00000001,000ffffe,269589
00000880,00000002,000ffffe,269798
0000088c,00000001,000ffffe,270173
000008fc,00000001,000ffffe,270601
000008dc,00000002,000ffffe,271056
00000878,00000001,000ffffe,271554
000008e8,00000007,00080440,271810
0000088c,00000001,000ffffe,272169
000008cc,00000011,000804c0,272368
000008fc,00000001,000ffffe,272444
000008dc,00000002,000ffffe,272763
00000888,0000000a,00080440,273170
000008f8,00000001,000ffffe,273361
000008ec,00000001,000ffffe,273733
000008f4,00000001,000ffffe,274159
00000880,00000002,000ffffe,274613
000008bc,00000001,000ffffe,274839
00000888,0000000a,00080440,274962
000008d4,00000001,000ffffe,275250
000008ec,00000001,000ffffe,275474
00000878,00000001,000ffffe,275512
000008a4,00000001,000ffffe,275771
000008f8,00000001,000ffffe,275901
000008e8,00000007,00080440,276244
000008a4,00000001,000ffffe,276407
000008a4,00000001,000ffffe,276492
000008ec,00000001,000ffffe,276535
00000880,00000002,000ffffe,276558
000008e8,00000007,00080440,276846
00000880,00000002,000ffffe,276983
000008a4,00000001,000ffffe,277325
000008b8,000007ff,00080219,277445
000008cc,00000011,000804c5,277839
00000888,0000000a,00080440,278267
000008cc,00000011,000804c0,278492
000008fc,00000001,000ffffe,278857
0000088c,00000001,000ffffe,279048
000008f4,00000001,000ffffe,279144
000008dc,00000002,000ffffe,279465
0000088c,00000001,000ffffe,279864
000008fc,00000001,000ffffe,280336
000008bc,00000001,000ffffe,280844
000008c4,00000002,000ffffe,281339
00000888,0000000a,00080441,281834
000008c4,00000002,000ffffe,282070
000008ec,00000001,000ffffe,282431
00000888,0000000a,00080441,282861
000008cc,00000011,000804c2,283079
000008ec,00000001,000ffffe,283169
00000878,00000001,000ffffe,283462
000008dc,00000002,000ffffe,283610
00000878,00000001,000ffffe,283683
0000088c,00000001,000ffffe,283992
000008ac,00000002,000ffffe,284148
000008f8,00000001,000ffffe,284225
0000088c,00000001,000ffffe,284536
000008fc,00000001,000ffffe,284692
000008cc,00000011,000804c1,285058
000008f4,00000001,000ffffe,285489
00000878,00000001,000ffffe,285713
000008d4,00000001,000ffffe,286097
00000878,00000001,000ffffe,286529
000008bc,00000001,000ffffe,286985
000008f4,00000001,000ffffe,287485
000008dc,00000002,000ffffe,287976
0000088c,00000001,000ffffe,288460
00000880,00000002,000ffffe,288704
000008a4,00000001,000ffffe,288825
000008fc,00000001,000ffffe,289126
000008f4,00000001,000ffffe,289277
000008ac,00000002,000ffffe,289354
000008cc,00000011,000804c3,289679
000008ec,00000001,000ffffe,290058
000008bc,00000001,000ffffe,290256
000008a4,00000001,000ffffe,290627
000008ec,00000001,000ffffe,290813
0000088c,00000001,000ffffe,291313
00000888,0000000a,00080441,291406
000008d4,00000001,000ffffe,291711
000008fc,00000001,000ffffe,292108
000008dc,00000002,000ffffe,292308
000008cc,00000011,000804c6,292423
000008d4,00000001,000ffffe,292697
000008f4,00000001,000ffffe,293082
000008b8,000007ff,00080104,293192
0000088c,00000001,000ffffe,293275
000008f8,00000001,000ffffe,293372
000008ec,00000001,000ffffe,293421
000008a4,00000001,000ffffe,293446
00000878,00000001,000ffffe,293459
000008bc,00000001,000ffffe,293466
000008dc,00000002,000ffffe,293471
000008ec,00000001,000ffffe,293744
000008f4,00000001,000ffffe,294153
000008f8,00000001,000ffffe,294358
000008fc,00000001,000ffffe,294461
00000878,00000001,000ffffe,294513
000008dc,00000002,000ffffe,294780
00000880,00000002,000ffffe,295185
00000878,00000001,000ffffe,295387
00000878,00000001,000ffffe,295489
00000888,0000000a,00080441,295789
000008e8,00000007,00080441,295932
00000878,00000001,000ffffe,296271
0000088c,00000001,000ffffe,296444
000008ac,00000002,000ffffe,296532
000008f8,00000001,000ffffe,296575
000008f8,00000001,000ffffe,296837
000008d4,00000001,000ffffe,297240
000008c4,00000002,000ffffe,297443
000008bc,00000001,000ffffe,297815
000008bc,00000001,000ffffe,298002
000008fc,00000001,000ffffe,298096
000008e8,00000007,00080441,298421
00000888,0000000a,00080441,298584
000008bc,00000001,000ffffe,298927
000008ec,00000001,000ffffe,299375
00000880,00000002,000ffffe,299840
000008e8,00000007,00080441,300349
000008dc,00000002,000ffffe,300836
000008f4,00000001,000ffffe,301321
000008a4,00000001,000ffffe,301804
000008c4,00000002,000ffffe,302047
000008e8,00000007,00080441,302413
000008e8,00000007,00080441,302685
000008bc,00000001,000ffffe,302725
000008c4,00000002,000ffffe,302989
000008a4,00000001,000ffffe,303120
00000888,0000000a,00080441,303467
00000880,00000002,000ffffe,303900
00000880,00000002,000ffffe,304121
000008d4,00000001,000ffffe,304231
000008f8,00000001,000ffffe,304287
000008dc,00000002,000ffffe,304556
000008b8,000007ff,00080319,304634
000008cc,00000011,000804c7,304977
00000880,00000002,000ffffe,305437
00000880,00000002,000ffffe,305675
0000088c,00000001,000ffffe,306033
000008ec,00000001,000ffffe,306213
0000088c,00000001,000ffffe,306543
000008f8,00000001,000ffffe,306980
000008f4,00000001,000ffffe,307309
0000088c,00000001,000ffffe,307604
000008f8,00000001,000ffffe,307752
000008a4,00000001,000ffffe,308098
000008bc,00000001,000ffffe,308543
000008cc,00000011,000804c6,308782
00000888,0000000a,00080441,308887
00000888,0000000a,00080441,309183
000008b8,000007ff,00080076,309245
000008fc,00000001,000ffffe,309562
00000880,00000002,000ffffe,310534
000008fc,00000001,000ffffe,310786
000008bc,00000001,000ffffe,310913
0000088c,00000001,000ffffe,310977
000008ec,00000001,000ffffe,311249
000008ec,00000001,000ffffe,311657
000008b8,000007ff,000801cf,312074
000008ec,00000001,000ffffe,312133
000008ec,00000001,000ffffe,312643
00000804,0001b330,00080321,312839
000008f8,00000001,000ffffe,313138
00000880,00000002,000ffffe,313387
000008c4,00000002,000ffffe,313751
000008ac,00000002,000ffffe,314173
000008f4,00000001,000ffffe,314623
00000888,0000000a,00080442,314858
000008f8,00000001,000ffffe,315202
000008f8,00000001,000ffffe,315379
00000888,0000000a,00080442,315477
000008ec,00000001,000ffffe,315513
00000888,0000000a,00080442,315545
000008f4,00000001,000ffffe,315548
0000088c,00000001,000ffffe,315826
000008c4,00000002,000ffffe,316444
000008cc,00000011,000804c5,316834
000008d4,00000001,000ffffe,317006
000008f4,00000001,000ffffe,317340
000008dc,00000002,000ffffe,317780
000008d4,00000001,000ffffe,317999
000008b8,000007ff,000801ed,318283
00000880,00000002,000ffffe,318382
000008bc,00000001,000ffffe,318812
00000888,0000000a,00080442,319037
00000880,00000002,000ffffe,319409
00000888,0000000a,00080442,320302
000008cc,00000011,000804c4,320537
000008f8,00000001,000ffffe,321292
000008ec,00000001,000ffffe,321501
000008fc,00000001,000ffffe,321606
00000880,00000002,000ffffe,321660
000008dc,00000002,000ffffe,321687
000008c4,00000002,000ffffe,321701
000008b8,000007ff,00080114,321884
000008f8,00000001,000ffffe,321979
00000888,0000000a,00080442,322128
000008a4,00000001,000ffffe,322461
000008ac,00000002,000ffffe,322905
000008b8,000007ff,000802dd,322921
000008c4,00000002,000ffffe,323510
000008ec,00000001,000ffffe,323701
000008cc,00000011,000804c2,324053
000008bc,00000001,000ffffe,324477
000008c4,00000002,000ffffe,324938
000008b8,000007ff,00080337,325172
00000878,00000001,000ffffe,325439
000008c4,00000002,000ffffe,325931
000008fc,00000001,000ffffe,326176
000008ac,00000002,000ffffe,326540
00000878,00000001,000ffffe,326721
000008c4,00000002,000ffffe,327053
000008a4,00000001,000ffffe,327218
00000870,00000001,000ffffe,327541
00000804,000474ee,000800c2,327838
000008a4,00000001,000ffffe,328024
000008e8,00000007,00080442,328191
000008c4,00000002,000ffffe,328267
000008f8,00000001,000ffffe,328307
00000888,0000000a,00080442,328337
000008ec,00000001,000ffffe,328339
00000888,0000000a,00080442,328354
000008ac,00000002,000ffffe,328621
000008bc,00000001,000ffffe,328758
00000804,0002796e,000802a2,328926
000008c4,00000002,000ffffe,329100
000008cc,00000011,000804c6,329286
000008d4,00000001,000ffffe,329356
000008e8,00000007,00080442,329677
000008b8,000007ff,00080086,329749
00000878,00000001,000ffffe,329829
000008dc,00000002,000ffffe,330181
00000878,00000001,000ffffe,330356
000008ac,00000002,000ffffe,330685
000008fc,00000001,000ffffe,331120
000008f8,00000001,000ffffe,331578
000008fc,00000001,000ffffe,332079
000008e8,00000007,00080442,332336
00000888,0000000a,00080442,332465
000008fc,00000001,000ffffe,332759
000008f8,00000001,000ffffe,332911
0000088c,00000001,000ffffe,333705
000008bc,00000001,000ffffe,334168
00000880,00000002,000ffffe,334401
00000878,00000001,000ffffe,334756
000008d4,00000001,000ffffe,335174
000008b8,000007ff,0008030b,335305
00000878,00000001,000ffffe,335623
000008f4,00000001,000ffffe,335848
000008c4,00000002,000ffffe,335962
000008f4,00000001,000ffffe,336018
000008bc,00000001,000ffffe,336062
000008cc,00000011,000804c1,336063
000008f8,00000001,000ffffe,336070
00000888,0000000a,00080442,336355
000008a4,00000001,000ffffe,336756
000008ac,00000002,000ffffe,337234
000008bc,00000001,000ffffe,337592
000008dc,00000002,000ffffe,337893
000008d4,00000001,000ffffe,338282
00000880,00000002,000ffffe,338750
000008f4,00000001,000ffffe,338983
000008f4,00000001,000ffffe,339340
000008b8,000007ff,0008033f,339518
000008dc,00000002,000ffffe,339610
000008f8,00000001,000ffffe,339926
000008a4,00000001,000ffffe,340085
000008fc,00000001,000ffffe,340165
000008ac,00000002,000ffffe,340478
000008d4,00000001,000ffffe,340873
000008a4,00000001,000ffffe,341343
000008b8,000007ff,0008033f,341565
00000880,00000002,000ffffe,341851
000008d4,00000001,000ffffe,342104
0000088c,00000001,000ffffe,342471
00000878,00000001,000ffffe,342655
000008cc,00000011,000804c4,343003
000008ac,00000002,000ffffe,343426
000008ac,00000002,000ffffe,343885
000008bc,00000001,000ffffe,344114
000008ac,00000002,000ffffe,344470
000008ec,00000001,000ffffe,344647
00000888,0000000a,00080443,344985
000008f4,00000001,000ffffe,345141
000008e8,00000007,00080443,345230
0000088c,00000001,000ffffe,345266
000008cc,00000011,000804c5,345543
000008a4,00000001,000ffffe,345658
00000888,0000000a,00080443,345733
000008dc,00000002,000ffffe,346030
000008dc,00000002,000ffffe,346183
0000088c,00000001,000ffffe,346259
000008c4,00000002,000ffffe,346299
000008dc,00000002,000ffffe,346319
000008a4,00000001,000ffffe,346600
000008cc,00000011,000804c3,347029
000008e8,00000007,00080443,347226
000008f4,00000001,000ffffe,347324
00000878,00000001,000ffffe,347616
000008e8,0000000e,00080443,348015
000008dc,00000002,000ffffe,348468
000008a4,00000001,000ffffe,348817
000008e8,00000007,00080443,348882
000008c4,00000002,000ffffe,348907
000008f4,00000001,000ffffe,349337
00000880,00000002,000ffffe,349682
000008ec,00000001,000ffffe,350125
000008fc,00000001,000ffffe,350587
000008b8,000007ff,0008016f,350746
000008cc,00000011,000804c3,351106
000008b8,000007ff,00080248,351239
000008f8,00000001,000ffffe,351708
000008f4,00000001,000ffffe,352343
00000880,00000002,000ffffe,352722
000008ac,00000002,000ffffe,353151
000008fc,00000001,000ffffe,353365
000008b8,000007ff,00080275,353388
000008ac,00000002,000ffffe,353474
000008d4,00000001,000ffffe,353767
000008fc,00000001,000ffffe,354154
000008b8,000007ff,0008004a,354177
00000880,00000002,000ffffe,354718
000008fc,00000001,000ffffe,354902
000008bc,00000001,000ffffe,354995
0000088c,00000001,000ffffe,355042
000008d4,00000001,000ffffe,355066
000008ac,00000002,000ffffe,355351
000008dc,00000002,000ffffe,355765
000008bc,00000001,000ffffe,356243
000008b8,000007ff,00080095,356394
000008cc,00000011,000804c1,356499
000008e8,00000007,00080443,356849
000008bc,00000001,000ffffe,357263
000008f8,00000001,000ffffe,357713
00000888,0000000a,00080443,358219
000008e8,00000007,00080443,358590
000008bc,00000001,000ffffe,358647
000008ac,00000002,000ffffe,358680
000008a4,00000001,000ffffe,358967
000008e8,00000007,00080443,359389
000008fc,00000001,000ffffe,359863
000008dc,00000002,000ffffe,360376
000008b8,000007ff,0008009d,360505
000008f4,00000001,000ffffe,360871
000008cc,00000011,000804c3,361375
00000878,00000001,000ffffe,361843
00000804,0002796e,0008031b,361950
000008a4,00000001,000ffffe,362806
000008bc,00000001,000ffffe,363047
000008cc,00000011,000804c3,363184
00000888,0000000a,00080443,363238
000008fc,00000001,000ffffe,363260
000008f8,00000001,000ffffe,363276
000008d4,00000001,000ffffe,363968
000008b8,000007ff,000803c0,364371
000008ac,00000002,000ffffe,364447
000008bc,00000001,000ffffe,365213
00000880,00000002,000ffffe,365582
000008b8,000007ff,00080258,365602
00000878,00000001,000ffffe,366005
0000088c,00000001,000ffffe,366457
000008c4,00000002,000ffffe,366956
000008b8,000007ff,0008013b,367003
000008a4,00000001,000ffffe,367444
000008dc,00000002,000ffffe,367690
000008f8,00000001,000ffffe,367812
000008cc,00000011,000804c5,367890
000008c4,00000002,000ffffe,368146
000008c4,00000002,000ffffe,368282
00000880,00000002,000ffffe,368622
00000880,00000002,000ffffe,369064
0000088c,00000001,000ffffe,369524
000008ec,00000001,000ffffe,369755
000008d4,00000001,000ffffe,369871
00000888,0000000a,00080443,370178
000008d4,00000001,000ffffe,370558
00000880,00000002,000ffffe,370754
000008f4,00000001,000ffffe,370851
000008f4,00000001,000ffffe,371140
000008dc,00000002,000ffffe,371359
000008f4,00000001,000ffffe,371395
000008fc,00000001,000ffffe,371414
000008cc,00000011,000804c3,371440
000008f4,00000001,000ffffe,371701
00000878,00000001,000ffffe,371840
00000888,0000000a,00080443,371919
0000088c,00000001,000ffffe,372217
000008a4,00000001,000ffffe,372371
000008dc,00000002,000ffffe,372896
000008f4,00000001,000ffffe,372983
000008bc,00000001,000ffffe,373299
000008b8,000007ff,0008018d,373331
000008f4,00000001,000ffffe,373697
000008cc,00000011,000804c5,374184
000008bc,00000001,000ffffe,374404
00000880,00000002,000ffffe,374763
000008b8,000007ff,0008007f,374766
000008e8,00000007,00080443,375187
00000880,00000002,000ffffe,375392
000008a4,00000001,000ffffe,375768
000008fc,00000001,000ffffe,376052
000008ec,00000001,000ffffe,376100
000008ac,00000002,000ffffe,376365
000008dc,00000002,000ffffe,376769
000008cc,00000011,000804c2,377258
000008c4,00000002,000ffffe,377752
000008c4,00000002,000ffffe,378007
00000878,00000001,000ffffe,378134
000008f8,00000001,000ffffe,378438
000008cc,00000011,000804c0,378846
00000880,00000002,000ffffe,379299
000008f4,00000001,000ffffe,379804
000008f4,00000001,000ffffe,380297
000008dc,00000002,000ffffe,380669
00000878,00000001,000ffffe,380970
00000878,00000001,000ffffe,381361
000008cc,00000011,000804c2,381573
000008ac,00000002,000ffffe,381928
000008ac,00000002,000ffffe,382353
000008f4,00000001,000ffffe,382565
000008b8,000007ff,00080366,382590
00000888,0000000a,00080444,382681
000008ac,00000002,000ffffe,382727
000008d4,00000001,000ffffe,382993
000008c4,00000002,000ffffe,383128
000008bc,00000001,000ffffe,383466
000008bc,00000001,000ffffe,383636
000008cc,00000011,000804c4,383977
00000888,0000000a,00080444,384133
000008fc,00000001,000ffffe,384206
000008d4,00000001,000ffffe,384676
000008a4,00000001,000ffffe,384755
000008d4,00000001,000ffffe,384795
000008c4,00000002,000ffffe,385056
00000888,0000000a,00080444,385466
000008fc,00000001,000ffffe,385930
000008f8,00000001,000ffffe,386167
000008f8,00000001,000ffffe,386286
000008bc,00000001,000ffffe,386346
000008b8,000007ff,00080332,386565
000008ac,00000002,000ffffe,386617
000008f4,00000001,000ffffe,387023
000008f4,00000001,000ffffe,387227
000008f4,00000001,000ffffe,387601
000008fc,00000001,000ffffe,388028
000008cc,00000011,000804c4,388258
000008f4,00000001,000ffffe,388621
00000878,00000001,000ffffe,388811
000008ac,00000002,000ffffe,389147
0000088c,00000001,000ffffe,389314
000008a4,00000001,000ffffe,389638
000008ec,00000001,000ffffe,390072
000008dc,00000002,000ffffe,390530
00000888,0000000a,00080444,390767
000008f8,00000001,000ffffe,390873
000008ac,00000002,000ffffe,390932
000008e8,00000007,00080444,391206
000008dc,00000002,000ffffe,391336
000008dc,00000002,000ffffe,391404
000008dc,00000002,000ffffe,391710
000008ec,00000001,000ffffe,392102
0000088c,00000001,000ffffe,392398
00000888,0000000a,00080444,392457
000008e8,00000007,00080444,392719
000008cc,00000011,000804c6,392862
000008c4,00000002,000ffffe,392914
000008c4,00000002,000ffffe,392948
0000088c,00000001,000ffffe,393204
000008ec,00000001,000ffffe,393333
000008d4,00000001,000ffffe,393398
000008cc,00000011,000804c1,393447
00000880,00000002,000ffffe,393458
000008cc,00000011,000804c1,393464
000008dc,00000002,000ffffe,393468
000008cc,00000011,000804c1,393481
000008e8,00000007,00080444,393746
000008ec,00000001,000ffffe,393877
000008f4,00000001,000ffffe,393946
000008f8,00000001,000ffffe,393981
000008fc,00000001,000ffffe,393999
000008c4,00000002,000ffffe,394281
000008b8,000007ff,0008027e,394345
000008ec,00000001,000ffffe,394421
000008fc,00000001,000ffffe,394492
00000880,00000002,000ffffe,394529
000008a4,00000001,000ffffe,394786
000008bc,00000001,000ffffe,395187
000008a4,00000001,000ffffe,395388
0000088c,00000001,000ffffe,395489
000008b8,000007ff,000800f8,395508
0000088c,00000001,000ffffe,395540
000008e8,00000007,00080444,395572
000008c4,00000002,000ffffe,395852
000008f8,00000001,000ffffe,395994
00000888,0000000a,00080444,396075
000008a4,00000001,000ffffe,396374
000008bc,00000001,000ffffe,396768
000008d4,00000001,000ffffe,397237
000008bc,00000001,000ffffe,397472
000008fc,00000001,000ffffe,397889
000008ec,00000001,000ffffe,398039
0000088c,00000001,000ffffe,398386
000008bc,00000001,000ffffe,398560
000008dc,00000002,000ffffe,398888
000008ac,00000002,000ffffe,399052
000008f4,00000001,000ffffe,399373
000008b8,000007ff,00080107,399636
000008ac,00000002,000ffffe,399807
00000880,00000002,000ffffe,400024
000008c4,00000002,000ffffe,400133
000008e8,00000007,00080444,400193
0000088c,00000001,000ffffe,400501
000008d4,00000001,000ffffe,400916
000008f4,00000001,000ffffe,401124
000008e8,00000007,00080444,401934
000008b8,000007ff,00080206,402261
000008bc,00000001,000ffffe,402382
000008ec,00000001,000ffffe,402881
000008c4,00000002,000ffffe,403132
000008cc,00000700,000804c0,403291
000008cc,00000011,000804c0,403512
000008ac,00000002,000ffffe,403680
000008e8,00000007,00080444,403777
000008bc,00000001,000ffffe,404089
000008f8,00000001,000ffffe,404488
000008dc,00000002,000ffffe,404689
000008cc,00000011,000804c6,405076
0000088c,00000001,000ffffe,405486
000008f4,00000001,000ffffe,405939
0000088c,00000001,000ffffe,406166
000008f8,00000001,000ffffe,406280
00000888,0000000a,00080444,406735
000008cc,00000011,000804c5,406817
000008ec,00000001,000ffffe,406839
00000878,00000001,000ffffe,407098
000008dc,00000002,000ffffe,407229
00000880,00000002,000ffffe,407566
00000878,00000001,000ffffe,407734
00000878,00000001,000ffffe,407819
000008cc,00000011,000804c1,407878
000008f4,00000001,000ffffe,407884
000008c4,00000002,000ffffe,408168
000008f4,00000001,000ffffe,408309
000008b8,000007ff,00080268,408623
00000878,00000001,000ffffe,408652
00000888,0000000a,00080444,408833
000008ac,00000002,000ffffe,409151
000008c4,00000002,000ffffe,409586
000008ac,00000002,000ffffe,409804
000008e8,00000007,00080445,410190
000008fc,00000001,000ffffe,410375
000008d4,00000001,000ffffe,410471
000008bc,00000001,000ffffe,410791
000008fc,00000001,000ffffe,411191
000008ac,00000002,000ffffe,411664
0000088c,00000001,000ffffe,412171
000008a4,00000001,000ffffe,412665
000008f8,00000001,000ffffe,413152
000008a4,00000001,000ffffe,413396
00000888,0000000a,00080445,413767
000008f8,00000001,000ffffe,414179
000008ac,00000002,000ffffe,414391
000008cc,00000011,000804c3,414512
000008ec,00000001,000ffffe,414789
000008bc,00000001,000ffffe,414936
000008ec,00000001,000ffffe,415010
000008fc,00000001,000ffffe,415319
00000880,00000002,000ffffe,415475
000008dc,00000002,000ffffe,415553
000008cc,00000011,000804c1,415879
000008e8,00000007,00080445,416025
000008ac,00000002,000ffffe,416370
000008d4,00000001,000ffffe,416816
000008ec,00000001,000ffffe,417040
0000088c,00000001,000ffffe,418312
000008d4,00000001,000ffffe,418812
000008bc,00000001,000ffffe,419302
000008b8,000007ff,00080376,419470
000008cc,00000011,000804c0,419803
000008b8,000007ff,000800ae,419902
000008f4,00000001,000ffffe,420030
00000878,00000001,000ffffe,420152
000008e8,00000007,00080445,420459
000008d4,00000001,000ffffe,420604
00000880,00000002,000ffffe,420681
000008ac,00000002,000ffffe,420991
000008cc,00000011,000804c6,421401
0000088c,00000001,000ffffe,421583
000008d4,00000001,000ffffe,421954
000008cc,00000011,000804c1,422156
00000888,0000000a,00080445,422482
000008fc,00000001,000ffffe,422640
000008f8,00000001,000ffffe,422724
000008e8,00000007,00080445,423441
000008bc,00000001,000ffffe,423634
000008ac,00000002,000ffffe,423735
000008fc,00000001,000ffffe,424024
000008d4,00000001,000ffffe,424409
000008fc,00000001,000ffffe,424602
000008dc,00000002,000ffffe,424700
000008cc,00000011,000804c3,424764
00000878,00000001,000ffffe,424773
000008ec,00000001,000ffffe,424786
0000088c,00000001,000ffffe,424793
000008bc,00000001,000ffffe,424797
000008b8,000007ff,0008028e,425084
000008cc,00000011,000804c4,425087
000008d4,00000001,000ffffe,425480
000008dc,00000002,000ffffe,425686
000008e8,0000000e,00080445,425801
00000878,00000001,000ffffe,426106
000008f4,00000001,000ffffe,426511
000008ec,00000001,000ffffe,426714
000008ec,00000001,000ffffe,426816
000008f8,00000001,000ffffe,427107
000008c4,00000002,000ffffe,427254
000008ec,00000001,000ffffe,427598
000008fc,00000001,000ffffe,427771
000008dc,00000002,000ffffe,427859
000008b8,000007ff,00080054,427886
000008a4,00000001,000ffffe,427902
000008dc,00000002,000ffffe,428165
000008a4,00000001,000ffffe,428769
0000088c,00000001,000ffffe,429142
0000088c,00000001,000ffffe,429329
000008e8,00000007,00080445,429429
000008c4,00000002,000ffffe,429743
000008c4,00000002,000ffffe,429903
0000088c,00000001,000ffffe,430254
000008b8,000007ff,00080180,430613
000008f4,00000001,000ffffe,431166
000008c4,00000002,000ffffe,431671
00000878,00000001,000ffffe,432162
000008cc,00000700,000804c2,432493
000008d4,00000001,000ffffe,432648
00000878,00000001,000ffffe,433131
000008a4,00000001,000ffffe,433373
000008c4,00000002,000ffffe,433735
00000888,0000000a,00080445,433924
00000880,00000002,000ffffe,434007
000008ec,00000001,000ffffe,434052
000008a4,00000001,000ffffe,434315
00000878,00000001,000ffffe,434447
000008f8,00000001,000ffffe,434785
000008f4,00000001,000ffffe,435226
000008f4,00000001,000ffffe,435447
000008dc,00000002,000ffffe,435615
000008bc,00000001,000ffffe,435882
000008f8,00000001,000ffffe,436288
000008f4,00000001,000ffffe,436763
000008f4,00000001,000ffffe,437001
000008fc,00000001,000ffffe,437360
000008cc,00000011,000804c5,437556
000008b8,000007ff,000802f7,437604
000008fc,00000001,000ffffe,437870
000008a4,00000001,000ffffe,438307
00000888,0000000a,00080445,438535
000008d4,00000001,000ffffe,438636
000008fc,00000001,000ffffe,438931
000008dc,00000002,000ffffe,439080
00000878,00000001,000ffffe,439425
0000088c,00000001,000ffffe,439870
000008ac,00000002,000ffffe,440094
000008c4,00000002,000ffffe,440206
000008f8,00000001,000ffffe,440501
000008e8,00000007,00080445,440895
00000888,0000000a,00080445,441364
000008f4,00000001,000ffffe,441860
000008e8,00000007,00080445,442119
000008ec,00000001,000ffffe,442240
000008cc,00000011,000804c0,442320
000008cc,00000011,000804c1,442592
000008cc,00000011,000804c4,443476
000008cc,00000011,000804c6,443986
000008a4,00000001,000ffffe,444465
000008f4,00000001,000ffffe,444713
000008cc,00000700,000804c2,444775
000008a4,00000001,000ffffe,445077
00000880,00000002,000ffffe,445500
000008d4,00000001,000ffffe,445950
000008f8,00000001,000ffffe,446176
000008a4,00000001,000ffffe,446529
000008dc,00000002,000ffffe,446707
000008f8,00000001,000ffffe,446795
000008cc,00000011,000804c2,446856
000008f8,00000001,000ffffe,446863
000008d4,00000001,000ffffe,446875
000008fc,00000001,000ffffe,447153
00000888,0000000a,00080446,447573
000008a4,00000001,000ffffe,447770
000008ac,00000002,000ffffe,448146
000008fc,00000001,000ffffe,448333
000008d4,00000001,000ffffe,448667
000008bc,00000001,000ffffe,449106
000008f4,00000001,000ffffe,449708
0000088c,00000001,000ffffe,450139
000008f8,00000001,000ffffe,450355
000008f4,00000001,000ffffe,450735
00000888,0000000a,00080446,451174
000008b8,000007ff,00080200,451372
000008f8,00000001,000ffffe,451620
000008ac,00000002,000ffffe,451849
00000888,0000000a,00080446,452211
000008a4,00000001,000ffffe,452619
000008cc,00000011,000804c1,452844
000008e8,00000007,00080446,452939
000008f4,00000001,000ffffe,452986
000008bc,00000001,000ffffe,453013
000008a4,00000001,000ffffe,453027
000008dc,00000002,000ffffe,453307
000008f8,00000001,000ffffe,453446
00000878,00000001,000ffffe,453788
00000880,00000002,000ffffe,454232
00000910,00000001,000ffffe,454453
000008a4,00000001,000ffffe,454836
000008cc,00000011,000804c2,455044
000008ac,00000002,000ffffe,455365
0000088c,00000001,000ffffe,455804
000008a4,00000001,000ffffe,456264
000008a4,00000001,000ffffe,457257
000008e8,00000007,00080446,457509
00000880,00000002,000ffffe,457867
000008ec,00000001,000ffffe,458048
000008a4,00000001,000ffffe,458379
00000904,00000001,000ffffe,458545
000008d4,00000001,000ffffe,458868
00000888,0000000a,00080446,459039
00000878,00000001,000ffffe,459351
000008c4,00000002,000ffffe,459513
000008a4,00000001,000ffffe,459593
000008dc,00000002,000ffffe,459635
000008f8,00000001,000ffffe,459655
000008f8,00000001,000ffffe,459672
000008cc,00000011,000804c4,459682
00000880,00000002,000ffffe,459948
0000088c,00000001,000ffffe,460085
000008a4,00000001,000ffffe,460426
000008f8,00000001,000ffffe,460597
000008fc,00000001,000ffffe,460683
000008c4,00000002,000ffffe,460999
000008ec,00000001,000ffffe,461156
000008bc,00000001,000ffffe,461507
000008ec,00000001,000ffffe,461683
00000880,00000002,000ffffe,462012
000008e8,00000007,00080446,462453
000008a4,00000001,000ffffe,462905
000008e8,00000007,00080446,463412
000008c4,00000002,000ffffe,463658
000008f8,00000001,000ffffe,463783
000008e8,00000007,00080446,464092
000008dc,00000002,000ffffe,464239
00000888,0000000a,00080446,464595
000008fc,00000001,000ffffe,465032
0000088c,00000001,000ffffe,465495
000008f4,00000001,000ffffe,465727
000008ec,00000001,000ffffe,466083
000008d4,00000001,000ffffe,467175
000008a4,00000001,000ffffe,467288
000008d4,00000001,000ffffe,467345
000008ac,00000002,000ffffe,467375
0000088c,00000001,000ffffe,467389
000008dc,00000002,000ffffe,467398
000008f8,00000001,000ffffe,467673
00000878,00000001,000ffffe,468083
000008b8,000007ff,00080361,468547
00000880,00000002,000ffffe,468561
000008e8,00000007,00080446,468805
000008ec,00000001,000ffffe,468919
000008b8,000007ff,000800a0,468996
000008bc,00000001,000ffffe,469219
000008f4,00000001,000ffffe,470076
000008d4,00000001,000ffffe,470310
000008d4,00000001,000ffffe,470667
000008e8,00000007,00080446,470852
00000878,00000001,000ffffe,470936
000008dc,00000002,000ffffe,471254
00000878,00000001,000ffffe,471412
000008e8,00000007,00080446,471498
000008b8,000007ff,000801ae,471655
00000880,00000002,000ffffe,471805
00000878,00000001,000ffffe,472670
000008bc,00000001,000ffffe,473177
000008fc,00000001,000ffffe,473798
000008ec,00000001,000ffffe,473982
000008b8,000007ff,0008029e,474246
000008ac,00000002,000ffffe,474315
00000880,00000002,000ffffe,474753
000008dc,00000002,000ffffe,475212
0000088c,00000001,000ffffe,475441
00000880,00000002,000ffffe,475797
000008cc,00000011,000804c3,475990
000008f8,00000001,000ffffe,476303
000008d4,00000001,000ffffe,476468
000008c4,00000002,000ffffe,476552
000008fc,00000001,000ffffe,476593
000008ac,00000002,000ffffe,476855
000008d4,00000001,000ffffe,476985
000008c4,00000002,000ffffe,477052
000008bc,00000001,000ffffe,477356
000008bc,00000001,000ffffe,477509
000008fc,00000001,000ffffe,477586
000008a4,00000001,000ffffe,477625
000008bc,00000001,000ffffe,477645
00000878,00000001,000ffffe,477927
000008ac,00000002,000ffffe,478341
000008c4,00000002,000ffffe,478548
000008d4,00000001,000ffffe,478651
000008ec,00000001,000ffffe,478943
00000880,00000002,000ffffe,479330
000008bc,00000001,000ffffe,479794
00000888,0000000a,00080447,480036
00000878,00000001,000ffffe,480144
000008c4,00000002,000ffffe,480204
000008a4,00000001,000ffffe,480233
00000888,0000000a,00080447,480529
000008d4,00000001,000ffffe,480664
000008f4,00000001,000ffffe,481008
000008cc,00000011,000804c1,481468
000008e8,00000007,00080447,481920
000008ac,00000002,000ffffe,482418
00000888,0000000a,00080447,482678
000008dc,00000002,000ffffe,483036
00000888,0000000a,00080447,483467
000008d4,00000001,000ffffe,483670
000008f4,00000001,000ffffe,484048
00000880,00000002,000ffffe,484478
000008e8,00000007,00080447,484698
00000880,00000002,000ffffe,484801
000008e8,00000007,00080447,485487
00000888,0000000a,00080447,485684
000008f4,00000001,000ffffe,486044
000008e8,00000007,00080447,486235
0000088c,00000001,000ffffe,486322
000008fc,00000001,000ffffe,486369
00000880,00000002,000ffffe,486678
000008bc,00000001,000ffffe,487091
000008b8,000007ff,000803ad,487140
0000088c,00000001,000ffffe,487570
000008ac,00000002,000ffffe,487811
000008c4,00000002,000ffffe,488171
000008b8,000007ff,00080263,488439
0000088c,00000001,000ffffe,488590
000008dc,00000002,000ffffe,489041
000008c4,00000002,000ffffe,489538
00000888,0000000a,00080447,489795
000008c4,00000002,000ffffe,489912
0000088c,00000001,000ffffe,489974
00000880,00000002,000ffffe,490007
00000878,00000001,000ffffe,490294
000008c4,00000002,000ffffe,490711
000008e8,00000007,00080447,491196
000008b8,ffffba31,00080136,491302
000008b8,ffff7918,000800b6,491302
000008b8,fffe3d6f,0008028c,491302
000008b8,fffcbcd3,0008022f,491302
