00000374,00000001,000ffffd,18
00000808,00000002,000ffffe,300
00000840,00000011,00080041,456
00000854,00000011,00080481,527
00000864,00000002,000ffffe,548
0000087c,00000001,000ffffe,805
00000844,00000001,000ffffe,1206
0000082c,00000001,000ffffe,1407
00000814,00000001,000ffffe,1508
00000814,00000001,000ffffe,1559
00000870,00000007,00080400,1591
0000084c,00000002,000ffffe,1871
00000880,00000001,000ffffe,2013
00000870,00000007,00080400,2091
0000087c,00000001,000ffffe,2393
00000800,00000001,000ffffe,2787
0000085c,00000001,000ffffe,3256
00000844,00000001,000ffffe,3491
00000840,00000011,0008004d,3625
00000884,00000001,000ffffe,3908
00000874,00000001,000ffffe,4058
00000874,00000001,000ffffe,4405
00000800,00000001,000ffffe,4579
0000082c,00000001,000ffffe,4906
00000880,00000001,000ffffe,5070
0000087c,00000001,000ffffe,5392
00000834,00000002,000ffffe,5826
00000808,00000002,000ffffe,6043
0000084c,00000002,000ffffe,6152
00000834,00000002,000ffffe,6207
00000884,00000001,000ffffe,6234
00000874,00000001,000ffffe,6520
00000814,00000001,000ffffe,6935
00000844,00000001,000ffffe,7143
00000870,00000007,00080400,7953
00000800,00000001,000ffffe,8401
00000840,00000011,00080060,8916
00000808,00000002,000ffffe,9151
00000854,00000700,00080484,9310
00000854,00000011,00080484,9531
00000834,00000002,000ffffe,9699
00000870,00000007,00080400,9796
00000844,00000001,000ffffe,10108
0000084c,00000002,000ffffe,10508
0000082c,00000001,000ffffe,10707
00000810,0000000a,00080400,11088
00000814,00000001,000ffffe,11505
0000087c,00000001,000ffffe,11958
00000814,00000001,000ffffe,12185
00000880,00000001,000ffffe,12299
00000884,00000001,000ffffe,12596
00000870,00000007,00080400,12751
00000810,0000000a,00080400,12829
00000840,00000011,0008006f,12874
0000085c,00000001,000ffffe,13117
0000082c,00000001,000ffffe,13247
00000808,00000002,000ffffe,13585
00000800,00000001,000ffffe,13753
00000800,00000001,000ffffe,13838
00000854,00000011,00080485,13897
0000087c,00000001,000ffffe,13903
0000084c,00000002,000ffffe,14187
0000087c,00000001,000ffffe,14328
0000085c,00000001,000ffffe,14671
00000870,00000007,00080400,14849
00000880,00000001,000ffffe,15169
0000084c,00000002,000ffffe,15605
00000834,00000002,000ffffe,15823
00000870,00000007,00080400,16209
00000884,00000001,000ffffe,16394
00000814,00000001,000ffffe,16490
00000800,00000001,000ffffe,16810
00000834,00000002,000ffffe,17683
00000814,00000001,000ffffe,18190
0000087c,00000001,000ffffe,18684
00000854,00000700,00080482,19001
0000084c,00000002,000ffffe,19172
0000087c,00000001,000ffffe,19415
00000810,0000000a,00080400,19786
00000880,00000001,000ffffe,20198
00000834,00000002,000ffffe,20410
00000810,0000000a,00080400,20524
00000840,00000011,0008008c,20824
00000800,00000001,000ffffe,20955
00000854,00000011,00080483,21354
00000864,00000002,000ffffe,21494
0000082c,00000001,000ffffe,21571
00000854,00000011,00080485,21898
00000870,00000007,00080400,22044
00000834,00000002,000ffffe,22389
00000814,00000001,000ffffe,22835
00000840,00000011,00080094,23075
00000884,00000001,000ffffe,23443
00000840,00000011,00080097,23891
00000814,00000001,000ffffe,24331
00000814,00000001,000ffffe,24831
00000800,00000001,000ffffe,25321
00000854,00000011,00080484,25822
0000087c,00000001,000ffffe,26049
00000800,00000001,000ffffe,26171
00000870,00000007,00080400,26478
0000085c,00000001,000ffffe,26623
00000864,00000002,000ffffe,26700
00000880,00000001,000ffffe,27009
00000810,0000000a,00080400,27413
00000874,00000001,000ffffe,27602
0000085c,00000001,000ffffe,27973
00000854,00000011,00080485,28175
00000810,0000000a,00080400,28501
00000884,00000001,000ffffe,28659
0000084c,00000002,000ffffe,28744
00000884,00000001,000ffffe,29057
00000834,00000002,000ffffe,29455
00000800,00000001,000ffffe,29653
00000880,00000001,000ffffe,29753
00000884,00000001,000ffffe,30043
0000085c,00000001,000ffffe,30428
00000884,00000001,000ffffe,30621
00000864,00000002,000ffffe,30719
00000810,0000000a,00080400,30776
0000085c,00000001,000ffffe,30792
00000874,00000001,000ffffe,30812
00000800,00000001,000ffffe,30816
00000840,00000011,000800b0,30821
00000810,0000000a,00080400,31099
00000814,00000001,000ffffe,31499
0000082c,00000001,000ffffe,31704
00000834,00000002,000ffffe,31808
00000840,00000011,000800b4,31875
00000800,00000001,000ffffe,32125
0000087c,00000001,000ffffe,32530
00000874,00000001,000ffffe,32733
00000840,00000011,000800b8,32851
0000084c,00000002,000ffffe,33127
00000808,00000002,000ffffe,33273
00000840,00000011,000800bb,33633
00000854,00000011,00080483,33806
00000864,00000002,000ffffe,33878
0000082c,00000001,000ffffe,33921
00000864,00000002,000ffffe,34184
00000840,00000011,000800be,34602
0000082c,00000001,000ffffe,34788
00000874,00000001,000ffffe,35161
00000874,00000001,000ffffe,35348
00000834,00000002,000ffffe,35443
00000808,00000002,000ffffe,35762
0000084c,00000002,000ffffe,35922
00000814,00000001,000ffffe,36273
00000844,00000001,000ffffe,37185
00000808,00000002,000ffffe,37690
00000800,00000001,000ffffe,38181
00000854,00000700,00080486,38512
0000085c,00000001,000ffffe,38667
0000085c,00000001,000ffffe,39150
0000087c,00000001,000ffffe,39392
00000808,00000002,000ffffe,39754
00000870,00000007,00080401,39940
00000808,00000002,000ffffe,40026
00000874,00000001,000ffffe,40071
0000082c,00000001,000ffffe,40334
00000800,00000001,000ffffe,40466
00000880,00000001,000ffffe,40804
00000844,00000001,000ffffe,41245
00000844,00000001,000ffffe,41466
00000884,00000001,000ffffe,41577
0000082c,00000001,000ffffe,41633
00000800,00000001,000ffffe,41901
00000880,00000001,000ffffe,42307
0000087c,00000001,000ffffe,42782
00000844,00000001,000ffffe,43020
00000854,00000011,00080481,43395
00000810,0000000a,00080401,43568
00000854,00000011,00080483,43905
0000082c,00000001,000ffffe,44326
00000810,0000000a,00080401,44554
0000085c,00000001,000ffffe,44655
00000884,00000001,000ffffe,44950
0000082c,00000001,000ffffe,45098
0000085c,00000001,000ffffe,45444
00000874,00000001,000ffffe,45889
00000880,00000001,000ffffe,46112
0000084c,00000002,000ffffe,46225
00000880,00000001,000ffffe,46520
00000870,00000007,00080401,46914
00000870,00000007,00080401,47380
00000844,00000001,000ffffe,47879
00000834,00000002,000ffffe,48133
00000874,00000001,000ffffe,48259
00000854,00000011,00080484,48339
00000854,00000011,00080485,48611
00000810,0000000a,00080401,49488
00000810,0000000a,00080401,49998
0000082c,00000001,000ffffe,50484
0000087c,00000001,000ffffe,50732
00000854,00000700,00080486,50794
0000082c,00000001,000ffffe,51096
00000864,00000002,000ffffe,51519
00000814,00000001,000ffffe,51969
0000084c,00000002,000ffffe,52196
0000082c,00000001,000ffffe,52548
00000864,00000002,000ffffe,52726
00000880,00000001,000ffffe,52814
00000854,00000011,00080486,52875
00000880,00000001,000ffffe,52882
0000085c,00000001,000ffffe,52894
00000884,00000001,000ffffe,53172
00000870,00000007,00080401,53589
0000087c,00000001,000ffffe,53789
00000880,00000001,000ffffe,54164
00000884,00000001,000ffffe,54352
0000085c,00000001,000ffffe,54686
00000844,00000001,000ffffe,55125
00000884,00000001,000ffffe,55345
00000844,00000001,000ffffe,55727
00000874,00000001,000ffffe,56158
0000084c,00000002,000ffffe,56375
0000087c,00000001,000ffffe,56754
00000810,0000000a,00080401,57193
0000084c,00000002,000ffffe,57640
00000880,00000001,000ffffe,57867
00000870,00000007,00080401,58227
0000082c,00000001,000ffffe,58638
00000854,00000011,00080485,58863
00000870,00000007,00080401,58958
0000087c,00000001,000ffffe,59005
00000844,00000001,000ffffe,59032
0000082c,00000001,000ffffe,59046
00000864,00000002,000ffffe,59326
0000084c,00000002,000ffffe,59466
0000085c,00000001,000ffffe,59807
00000864,00000002,000ffffe,60251
00000870,00000007,00080401,60478
0000082c,00000001,000ffffe,60855
00000854,00000011,00080486,61063
00000834,00000002,000ffffe,61384
00000874,00000001,000ffffe,61823
0000087c,00000001,000ffffe,62283
0000082c,00000001,000ffffe,63276
00000834,00000002,000ffffe,63523
00000864,00000002,000ffffe,63886
00000840,00000011,0008012a,64083
0000087c,00000001,000ffffe,64398
0000085c,00000001,000ffffe,64564
0000085c,00000001,000ffffe,64887
00000810,0000000a,00080401,65058
00000800,00000001,000ffffe,65370
00000808,00000002,000ffffe,65532
0000087c,00000001,000ffffe,65612
0000082c,00000001,000ffffe,65653
0000084c,00000002,000ffffe,65675
0000084c,00000002,000ffffe,65692
00000810,0000000a,00080402,65694
00000864,00000002,000ffffe,65967
00000874,00000001,000ffffe,66104
0000087c,00000001,000ffffe,66445
00000880,00000001,000ffffe,66616
00000884,00000001,000ffffe,66702
0000084c,00000002,000ffffe,67018
00000874,00000001,000ffffe,67175
00000844,00000001,000ffffe,67526
00000864,00000002,000ffffe,68031
00000834,00000002,000ffffe,68467
0000082c,00000001,000ffffe,68924
00000870,00000007,00080402,69431
00000808,00000002,000ffffe,69677
0000084c,00000002,000ffffe,69803
00000834,00000002,000ffffe,70106
0000082c,00000001,000ffffe,70257
00000870,00000007,00080402,70611
00000884,00000001,000ffffe,71051
00000814,00000001,000ffffe,71514
00000844,00000001,000ffffe,71746
00000840,00000011,00080148,72118
00000884,00000001,000ffffe,72520
00000840,00000011,0008014b,72985
0000085c,00000001,000ffffe,73194
0000082c,00000001,000ffffe,73307
0000085c,00000001,000ffffe,73364
00000834,00000002,000ffffe,73394
00000814,00000001,000ffffe,73408
00000864,00000002,000ffffe,73417
00000880,00000001,000ffffe,73692
0000085c,00000001,000ffffe,74102
00000864,00000002,000ffffe,74580
00000870,00000007,00080402,74824
00000874,00000001,000ffffe,74938
00000844,00000001,000ffffe,75238
00000840,00000011,00080155,75644
00000844,00000001,000ffffe,76095
00000814,00000001,000ffffe,76329
00000814,00000001,000ffffe,76686
00000870,00000007,00080402,76871
00000800,00000001,000ffffe,76955
00000864,00000002,000ffffe,77273
00000800,00000001,000ffffe,77431
00000870,00000007,00080402,77517
00000864,00000002,000ffffe,77824
00000884,00000001,000ffffe,78219
0000085c,00000001,000ffffe,78689
00000844,00000001,000ffffe,79196
00000840,00000011,00080163,79466
00000884,00000001,000ffffe,79817
00000840,00000011,00080165,80017
00000880,00000001,000ffffe,80333
00000864,00000002,000ffffe,80772
00000864,00000002,000ffffe,81231
00000814,00000001,000ffffe,81460
00000808,00000002,000ffffe,81816
00000810,0000000a,00080402,82002
0000084c,00000002,000ffffe,82323
00000814,00000001,000ffffe,82487
00000808,00000002,000ffffe,82571
00000854,00000011,00080482,82628
00000880,00000001,000ffffe,82873
0000085c,00000001,000ffffe,83004
0000084c,00000002,000ffffe,83071
00000844,00000001,000ffffe,83375
00000844,00000001,000ffffe,83528
00000884,00000001,000ffffe,83605
0000082c,00000001,000ffffe,83644
00000844,00000001,000ffffe,83664
0000088c,00000001,000ffffe,83946
00000880,00000001,000ffffe,84359
00000808,00000002,000ffffe,84567
00000814,00000001,000ffffe,84670
00000840,00000011,00080177,84978
00000808,00000002,000ffffe,85349
00000844,00000001,000ffffe,85813
00000870,00000007,00080402,86052
0000085c,00000001,000ffffe,86163
00000808,00000002,000ffffe,86223
0000087c,00000001,000ffffe,86252
00000870,00000007,00080402,86545
00000814,00000001,000ffffe,86683
00000844,00000001,000ffffe,87027
00000854,00000011,00080485,87487
00000870,00000007,00080402,87939
00000880,00000001,000ffffe,88436
00000870,00000007,00080402,88694
0000082c,00000001,000ffffe,89054
00000810,0000000a,00080402,89486
0000085c,00000001,000ffffe,89689
0000087c,00000001,000ffffe,90067
00000864,00000002,000ffffe,90497
00000834,00000002,000ffffe,90712
00000864,00000002,000ffffe,90820
00000884,00000001,000ffffe,91113
00000870,00000007,00080402,91506
00000810,0000000a,00080402,91703
0000087c,00000001,000ffffe,92063
00000834,00000002,000ffffe,92249
00000874,00000001,000ffffe,92341
00000854,00000011,00080480,92404
00000884,00000001,000ffffe,92412
00000864,00000002,000ffffe,92697
00000800,00000001,000ffffe,93110
00000814,00000001,000ffffe,93589
00000834,00000002,000ffffe,93830
00000808,00000002,000ffffe,94190
00000874,00000001,000ffffe,94609
0000082c,00000001,000ffffe,95059
0000084c,00000002,000ffffe,95557
00000810,0000000a,00080402,95814
0000084c,00000002,000ffffe,95931
00000814,00000001,000ffffe,95993
00000808,00000002,000ffffe,96026
0000085c,00000001,000ffffe,96313
00000808,00000002,000ffffe,96730
00000834,00000002,000ffffe,97210
00000844,00000001,000ffffe,97721
0000085c,00000001,000ffffe,98217
00000880,00000001,000ffffe,98705
00000840,00000011,000801ab,99205
00000870,00000007,00080403,99677
00000800,00000001,000ffffe,100152
00000874,00000001,000ffffe,100393
00000880,00000001,000ffffe,100514
0000084c,00000002,000ffffe,100576
00000834,00000002,000ffffe,100607
0000082c,00000001,000ffffe,100622
00000870,00000007,00080403,100908
00000884,00000001,000ffffe,101314
00000808,00000002,000ffffe,101793
00000810,0000000a,00080403,102312
00000874,00000001,000ffffe,102559
00000844,00000001,000ffffe,102927
00000840,00000011,000801ba,103367
00000884,00000001,000ffffe,103803
0000082c,00000001,000ffffe,104301
0000085c,00000001,000ffffe,104790
00000800,00000001,000ffffe,105035
0000082c,00000001,000ffffe,105158
00000880,00000001,000ffffe,105220
0000087c,00000001,000ffffe,105491
0000087c,00000001,000ffffe,105627
0000087c,00000001,000ffffe,105967
0000087c,00000001,000ffffe,106409
00000854,00000011,00080481,106886
00000810,0000000a,00080403,107110
00000884,00000001,000ffffe,107217
0000084c,00000002,000ffffe,107516
00000840,00000011,000801cb,107920
0000087c,00000001,000ffffe,108099
0000085c,00000001,000ffffe,108197
0000085c,00000001,000ffffe,108486
00000870,00000007,00080403,108637
00000800,00000001,000ffffe,108704
00000814,00000001,000ffffe,108741
00000834,00000002,000ffffe,108761
00000880,00000001,000ffffe,108770
00000814,00000001,000ffffe,109047
0000084c,00000002,000ffffe,109257
00000854,00000011,00080483,109579
0000085c,00000001,000ffffe,109717
00000810,0000000a,00080403,110075
00000844,00000001,000ffffe,110241
0000085c,00000001,000ffffe,110329
00000874,00000001,000ffffe,110645
00000814,00000001,000ffffe,111043
00000880,00000001,000ffffe,111514
00000874,00000001,000ffffe,111750
0000087c,00000001,000ffffe,112108
0000084c,00000002,000ffffe,112528
00000844,00000001,000ffffe,112737
0000085c,00000001,000ffffe,113114
00000870,00000007,00080403,113309
00000834,00000002,000ffffe,113399
00000810,0000000a,00080403,113455
00000864,00000002,000ffffe,113711
00000844,00000001,000ffffe,114114
00000834,00000002,000ffffe,114589
0000087c,00000001,000ffffe,115097
0000087c,00000001,000ffffe,115352
00000840,00000011,000801e7,115496
0000082c,00000001,000ffffe,115784
00000834,00000002,000ffffe,116177
0000087c,00000001,000ffffe,116644
00000814,00000001,000ffffe,117150
00000814,00000001,000ffffe,117643
00000870,00000007,00080403,117896
00000800,00000001,000ffffe,118014
00000874,00000001,000ffffe,118316
00000874,00000001,000ffffe,118707
00000880,00000001,000ffffe,118903
00000864,00000002,000ffffe,119274
00000864,00000002,000ffffe,119699
00000814,00000001,000ffffe,119911
0000084c,00000002,000ffffe,120019
00000864,00000002,000ffffe,120073
00000840,00000011,000801f8,120355
0000082c,00000001,000ffffe,120473
00000874,00000001,000ffffe,120812
00000874,00000001,000ffffe,120982
00000880,00000001,000ffffe,121307
0000084c,00000002,000ffffe,121471
00000834,00000002,000ffffe,121553
00000870,00000007,00080403,121871
00000884,00000001,000ffffe,122022
0000085c,00000001,000ffffe,122101
00000884,00000001,000ffffe,122141
0000082c,00000001,000ffffe,122401
00000880,00000001,000ffffe,122803
00000834,00000002,000ffffe,123277
0000082c,00000001,000ffffe,123513
0000082c,00000001,000ffffe,123632
00000874,00000001,000ffffe,123692
00000864,00000002,000ffffe,123963
0000085c,00000001,000ffffe,124369
0000085c,00000001,000ffffe,124573
00000814,00000001,000ffffe,124947
00000834,00000002,000ffffe,125375
00000880,00000001,000ffffe,125588
00000814,00000001,000ffffe,125967
00000840,00000011,0008020e,126173
00000808,00000002,000ffffe,126493
00000884,00000001,000ffffe,126660
0000085c,00000001,000ffffe,126984
00000810,0000000a,00080403,127427
00000800,00000001,000ffffe,127875
0000084c,00000002,000ffffe,128105
0000082c,00000001,000ffffe,128219
00000864,00000002,000ffffe,128278
0000084c,00000002,000ffffe,128547
00000844,00000001,000ffffe,128681
00000844,00000001,000ffffe,128749
00000800,00000001,000ffffe,129055
00000810,0000000a,00080403,129457
00000870,00000007,00080403,129651
00000854,00000011,00080482,129760
0000084c,00000002,000ffffe,129795
00000808,00000002,000ffffe,130060
00000880,00000001,000ffffe,130192
0000087c,00000001,000ffffe,130259
0000087c,00000001,000ffffe,130293
00000884,00000001,000ffffe,130550
00000854,00000011,00080486,130695
00000834,00000002,000ffffe,130778
00000834,00000002,000ffffe,130795
0000087c,00000001,000ffffe,130803
00000834,00000002,000ffffe,130812
00000844,00000001,000ffffe,130813
00000810,0000000a,00080403,130817
00000808,00000002,000ffffe,131087
00000810,0000000a,00080404,131232
00000814,00000001,000ffffe,131292
0000082c,00000001,000ffffe,131327
00000834,00000002,000ffffe,131346
0000087c,00000001,000ffffe,131626
00000810,0000000a,00080404,131776
00000834,00000002,000ffffe,131839
00000844,00000001,000ffffe,131874
0000085c,00000001,000ffffe,132132
00000814,00000001,000ffffe,132533
00000800,00000001,000ffffe,132734
00000884,00000001,000ffffe,132835
00000884,00000001,000ffffe,132886
0000084c,00000002,000ffffe,132913
0000087c,00000001,000ffffe,133197
0000082c,00000001,000ffffe,133340
0000084c,00000002,000ffffe,133413
0000085c,00000001,000ffffe,133720
00000874,00000001,000ffffe,134114
00000840,00000011,0008022d,134599
00000814,00000001,000ffffe,134818
00000810,0000000a,00080404,134945
00000834,00000002,000ffffe,135236
00000810,0000000a,00080404,135394
00000854,00000011,00080482,135748
00000874,00000001,000ffffe,135906
00000800,00000001,000ffffe,136233
00000864,00000002,000ffffe,136398
0000085c,00000001,000ffffe,136719
00000808,00000002,000ffffe,137153
00000844,00000001,000ffffe,137369
0000087c,00000001,000ffffe,137478
00000808,00000002,000ffffe,137534
00000870,00000007,00080404,137567
00000854,00000011,00080482,137863
00000884,00000001,000ffffe,138262
00000814,00000001,000ffffe,138470
00000834,00000002,000ffffe,138847
00000808,00000002,000ffffe,139275
00000874,00000001,000ffffe,139728
00000810,0000000a,00080404,140236
0000087c,00000001,000ffffe,140477
00000834,00000002,000ffffe,140843
00000808,00000002,000ffffe,141026
0000084c,00000002,000ffffe,141118
00000874,00000001,000ffffe,141435
0000082c,00000001,000ffffe,141834
00000800,00000001,000ffffe,142034
00000880,00000001,000ffffe,142406
00000884,00000001,000ffffe,142832
0000085c,00000001,000ffffe,143285
00000854,00000011,00080480,143528
0000082c,00000001,000ffffe,143626
00000870,00000007,00080404,143929
0000084c,00000002,000ffffe,144073
00000880,00000001,000ffffe,144147
00000810,0000000a,00080404,144194
00000840,00000011,00080251,144460
00000800,00000001,000ffffe,144574
0000087c,00000001,000ffffe,144911
00000874,00000001,000ffffe,145080
00000874,00000001,000ffffe,145165
00000834,00000002,000ffffe,145209
0000085c,00000001,000ffffe,145230
0000087c,00000001,000ffffe,145513
00000814,00000001,000ffffe,145655
00000840,00000011,00080256,146014
0000084c,00000002,000ffffe,146171
00000864,00000002,000ffffe,146497
0000082c,00000001,000ffffe,146931
00000808,00000002,000ffffe,147150
00000808,00000002,000ffffe,147531
00000834,00000002,000ffffe,147722
00000884,00000001,000ffffe,147817
00000874,00000001,000ffffe,148137
00000834,00000002,000ffffe,148538
00000808,00000002,000ffffe,149010
00000854,00000011,00080480,149533
0000085c,00000001,000ffffe,150011
0000082c,00000001,000ffffe,150498
0000085c,00000001,000ffffe,150742
00000880,00000001,000ffffe,151104
0000082c,00000001,000ffffe,151525
00000864,00000002,000ffffe,151737
00000880,00000001,000ffffe,151842
00000810,0000000a,00080404,152144
00000874,00000001,000ffffe,152282
00000810,0000000a,00080404,152365
00000834,00000002,000ffffe,152666
00000844,00000001,000ffffe,152820
00000800,00000001,000ffffe,152898
00000834,00000002,000ffffe,153210
0000084c,00000002,000ffffe,153366
00000864,00000002,000ffffe,153716
00000884,00000001,000ffffe,154162
00000810,0000000a,00080404,154395
00000870,00000007,00080404,154776
00000810,0000000a,00080404,155211
00000854,00000011,00080480,155674
00000884,00000001,000ffffe,156158
00000874,00000001,000ffffe,156648
00000834,00000002,000ffffe,157134
0000085c,00000001,000ffffe,157376
00000874,00000001,000ffffe,157498
00000808,00000002,000ffffe,157800
00000884,00000001,000ffffe,157950
00000844,00000001,000ffffe,158026
00000864,00000002,000ffffe,158337
00000880,00000001,000ffffe,158731
00000854,00000011,00080484,158945
00000840,00000011,00080287,159316
00000834,00000002,000ffffe,159487
0000084c,00000002,000ffffe,159820
00000834,00000002,000ffffe,159987
0000082c,00000001,000ffffe,160070
00000870,00000007,00080404,160390
00000808,00000002,000ffffe,160782
00000874,00000001,000ffffe,160980
00000864,00000002,000ffffe,161081
00000870,00000007,00080404,161376
00000884,00000001,000ffffe,161755
00000834,00000002,000ffffe,161949
00000800,00000001,000ffffe,162045
00000880,00000001,000ffffe,162094
00000840,00000011,00080291,162135
00000810,0000000a,00080404,162141
00000874,00000001,000ffffe,162143
00000854,00000011,00080481,162155
00000880,00000001,000ffffe,162417
00000884,00000001,000ffffe,162826
00000800,00000001,000ffffe,163031
00000808,00000002,000ffffe,163135
00000810,0000000a,00080404,163195
00000874,00000001,000ffffe,163452
00000814,00000001,000ffffe,163857
00000810,0000000a,00080405,164069
00000810,0000000a,00080405,164171
0000082c,00000001,000ffffe,164453
0000087c,00000001,000ffffe,164599
00000810,0000000a,00080405,164953
00000834,00000002,000ffffe,165118
00000844,00000001,000ffffe,165204
00000800,00000001,000ffffe,165248
00000844,00000001,000ffffe,165510
00000870,00000007,00080405,165919
0000085c,00000001,000ffffe,166115
00000854,00000011,00080482,166504
00000854,00000011,00080483,166691
00000808,00000002,000ffffe,166770
0000087c,00000001,000ffffe,167088
0000082c,00000001,000ffffe,167248
00000884,00000001,000ffffe,167600
00000880,00000001,000ffffe,168048
00000814,00000001,000ffffe,168512
0000087c,00000001,000ffffe,169016
00000874,00000001,000ffffe,169508
00000884,00000001,000ffffe,169994
00000840,00000011,000802b0,170493
0000085c,00000001,000ffffe,170719
0000087c,00000001,000ffffe,171080
0000084c,00000002,000ffffe,171262
0000087c,00000001,000ffffe,171352
00000854,00000011,00080485,171414
00000800,00000001,000ffffe,171661
00000874,00000001,000ffffe,171793
0000082c,00000001,000ffffe,172131
00000814,00000001,000ffffe,172572
00000814,00000001,000ffffe,172793
00000870,00000007,00080405,172910
00000800,00000001,000ffffe,172960
00000874,00000001,000ffffe,173228
00000864,00000002,000ffffe,173635
00000814,00000001,000ffffe,174109
00000814,00000001,000ffffe,174347
00000834,00000002,000ffffe,174707
00000880,00000001,000ffffe,174886
00000834,00000002,000ffffe,175217
00000800,00000001,000ffffe,175653
00000880,00000001,000ffffe,175872
00000840,00000011,000802c4,175998
00000834,00000002,000ffffe,176278
00000800,00000001,000ffffe,176425
00000840,00000011,000802c7,176787
00000854,00000011,00080484,177232
00000864,00000002,000ffffe,177440
0000082c,00000001,000ffffe,177551
00000864,00000002,000ffffe,177848
00000808,00000002,000ffffe,178236
0000084c,00000002,000ffffe,178702
00000814,00000001,000ffffe,179206
00000808,00000002,000ffffe,179460
00000854,00000011,00080485,179602
00000834,00000002,000ffffe,179651
00000834,00000002,000ffffe,179923
00000880,00000001,000ffffe,180330
00000880,00000001,000ffffe,180806
00000880,00000001,000ffffe,181316
00000800,00000001,000ffffe,181811
0000085c,00000001,000ffffe,182059
0000085c,00000001,000ffffe,182423
00000844,00000001,000ffffe,182845
00000884,00000001,000ffffe,183296
0000082c,00000001,000ffffe,183522
00000800,00000001,000ffffe,183875
00000844,00000001,000ffffe,184052
00000864,00000002,000ffffe,184142
00000834,00000002,000ffffe,184187
00000864,00000002,000ffffe,184210
00000840,00000011,000802e2,184237
00000834,00000002,000ffffe,184500
0000084c,00000002,000ffffe,184911
0000085c,00000001,000ffffe,185116
00000864,00000002,000ffffe,185492
00000870,00000007,00080405,185685
00000840,00000011,000802e9,186029
00000874,00000001,000ffffe,186452
00000870,00000007,00080405,186678
00000814,00000001,000ffffe,187054
00000854,00000011,00080484,187501
0000082c,00000001,000ffffe,187701
0000085c,00000001,000ffffe,188081
0000084c,00000002,000ffffe,188512
0000082c,00000001,000ffffe,188966
00000864,00000002,000ffffe,189195
0000084c,00000002,000ffffe,189549
00000800,00000001,000ffffe,189965
00000834,00000002,000ffffe,190175
0000084c,00000002,000ffffe,190280
0000085c,00000001,000ffffe,190332
00000814,00000001,000ffffe,190359
00000800,00000001,000ffffe,190373
00000800,00000001,000ffffe,190652
0000082c,00000001,000ffffe,190792
00000840,00000011,000802fc,191150
00000844,00000001,000ffffe,191577
0000084c,00000002,000ffffe,191800
00000800,00000001,000ffffe,192182
00000834,00000002,000ffffe,192375
00000864,00000002,000ffffe,192711
00000854,00000011,00080482,193166
0000085c,00000001,000ffffe,193610
00000810,0000000a,00080405,194121
0000085c,00000001,000ffffe,194603
00000808,00000002,000ffffe,194850
00000844,00000001,000ffffe,195212
00000810,0000000a,00080405,195403
0000085c,00000001,000ffffe,195725
00000840,00000011,0008030d,195907
00000840,00000011,0008030e,196230
00000880,00000001,000ffffe,196376
00000840,00000011,00080310,196713
0000087c,00000001,000ffffe,196858
0000085c,00000001,000ffffe,196939
00000800,00000001,000ffffe,196980
0000082c,00000001,000ffffe,197001
00000880,00000001,000ffffe,197012
0000082c,00000001,000ffffe,197018
00000844,00000001,000ffffe,197293
00000854,00000011,00080483,197447
0000085c,00000001,000ffffe,197772
00000864,00000002,000ffffe,197944
00000870,00000007,00080406,198035
0000082c,00000001,000ffffe,198344
00000854,00000011,00080487,198518
00000874,00000001,000ffffe,198853
00000810,0000000a,00080406,199038
00000844,00000001,000ffffe,199357
00000808,00000002,000ffffe,199794
00000800,00000001,000ffffe,200251
00000808,00000002,000ffffe,200753
0000087c,00000001,000ffffe,201003
0000082c,00000001,000ffffe,201129
00000808,00000002,000ffffe,201433
00000800,00000001,000ffffe,201584
0000084c,00000002,000ffffe,201933
00000870,00000007,00080406,202384
00000854,00000011,00080480,202857
00000814,00000001,000ffffe,203073
00000810,0000000a,00080406,203438
00000870,00000007,00080406,203853
00000810,0000000a,00080406,204305
00000840,00000011,0008032d,204537
00000800,00000001,000ffffe,204634
00000840,00000011,0008032d,204707
00000894,00000001,000ffffe,204720
00000800,00000001,000ffffe,204743
00000854,00000011,00080480,204751
0000082c,00000001,000ffffe,205019
00000840,00000011,00080330,205445
00000844,00000001,000ffffe,205906
0000084c,00000002,000ffffe,206146
00000854,00000011,00080485,206281
00000814,00000001,000ffffe,206565
00000870,00000007,00080406,206961
00000814,00000001,000ffffe,207422
00000884,00000001,000ffffe,207656
00000884,00000001,000ffffe,208013
0000084c,00000002,000ffffe,208193
00000874,00000001,000ffffe,208282
00000844,00000001,000ffffe,208599
00000874,00000001,000ffffe,208758
00000808,00000002,000ffffe,208839
00000844,00000001,000ffffe,209150
00000870,00000007,00080406,209552
00000840,00000011,00080341,210032
00000814,00000001,000ffffe,210523
00000810,0000000a,00080406,210786
00000834,00000002,000ffffe,211145
00000810,0000000a,00080406,211337
00000864,00000002,000ffffe,211661
00000844,00000001,000ffffe,212098
00000844,00000001,000ffffe,212557
00000884,00000001,000ffffe,212787
00000844,00000001,000ffffe,213142
00000880,00000001,000ffffe,213320
0000082c,00000001,000ffffe,213649
00000884,00000001,000ffffe,213814
0000087c,00000001,000ffffe,213897
00000834,00000002,000ffffe,213940
00000864,00000002,000ffffe,214201
00000840,00000011,00080351,214347
0000082c,00000001,000ffffe,214397
00000814,00000001,000ffffe,214702
00000814,00000001,000ffffe,214855
00000870,00000007,00080406,214938
0000085c,00000001,000ffffe,214971
00000874,00000001,000ffffe,214991
00000840,00000011,00080354,215289
00000864,00000002,000ffffe,215687
0000087c,00000001,000ffffe,215893
00000884,00000001,000ffffe,215997
00000810,0000000a,00080406,216298
0000087c,00000001,000ffffe,216675
00000874,00000001,000ffffe,217140
0000084c,00000002,000ffffe,217374
00000840,00000011,0008035c,217506
0000087c,00000001,000ffffe,217549
0000085c,00000001,000ffffe,217579
0000084c,00000002,000ffffe,217867
00000884,00000001,000ffffe,218010
00000814,00000001,000ffffe,218354
00000834,00000002,000ffffe,218799
00000808,00000002,000ffffe,219261
00000864,00000002,000ffffe,219764
0000084c,00000002,000ffffe,220016
00000800,00000001,000ffffe,220381
00000880,00000001,000ffffe,220804
00000840,00000011,00080369,221032
00000814,00000001,000ffffe,221394
00000844,00000001,000ffffe,221823
00000808,00000002,000ffffe,222039
00000844,00000001,000ffffe,222146
00000870,00000007,00080406,222446
0000084c,00000002,000ffffe,222828
00000880,00000001,000ffffe,223021
00000814,00000001,000ffffe,223390
00000808,00000002,000ffffe,223576
00000854,00000011,00080481,223684
00000834,00000002,000ffffe,223716
00000870,00000007,00080406,223745
00000844,00000001,000ffffe,224023
00000874,00000001,000ffffe,224437
00000884,00000001,000ffffe,224916
00000808,00000002,000ffffe,225157
0000087c,00000001,000ffffe,225516
00000854,00000011,00080482,225952
00000800,00000001,000ffffe,226386
0000082c,00000001,000ffffe,226883
00000880,00000001,000ffffe,227132
0000087c,00000001,000ffffe,227257
00000854,00000011,00080480,227336
00000844,00000001,000ffffe,227352
0000087c,00000001,000ffffe,228056
00000808,00000002,000ffffe,228537
00000814,00000001,000ffffe,229048
00000884,00000001,000ffffe,229544
00000864,00000002,000ffffe,230033
00000810,0000000a,00080407,230525
0000084c,00000002,000ffffe,230999
00000840,00000011,00080390,231495
00000854,00000011,00080481,231736
00000864,00000002,000ffffe,231842
0000082c,00000001,000ffffe,231902
00000808,00000002,000ffffe,231934
00000800,00000001,000ffffe,231949
0000084c,00000002,000ffffe,232230
00000870,00000007,00080407,232647
0000087c,00000001,000ffffe,233119
0000084c,00000002,000ffffe,233631
00000854,00000011,00080481,233902
00000814,00000001,000ffffe,234254
00000810,0000000a,00080407,234687
00000870,00000007,00080407,235136
0000085c,00000001,000ffffe,235628
00000840,00000011,000803a1,236133
00000874,00000001,000ffffe,236362
00000800,00000001,000ffffe,236485
00000864,00000002,000ffffe,236548
0000085c,00000001,000ffffe,236818
0000085c,00000001,000ffffe,236954
0000085c,00000001,000ffffe,237294
00000814,00000001,000ffffe,237736
00000834,00000002,000ffffe,238198
00000880,00000001,000ffffe,238428
00000870,00000007,00080407,238550
0000082c,00000001,000ffffe,238842
00000810,0000000a,00080407,239240
0000085c,00000001,000ffffe,239426
00000884,00000001,000ffffe,239524
00000884,00000001,000ffffe,239813
0000084c,00000002,000ffffe,239959
00000874,00000001,000ffffe,240031
00000884,00000001,000ffffe,240068
00000808,00000002,000ffffe,240088
00000864,00000002,000ffffe,240098
00000884,00000001,000ffffe,240374
00000810,0000000a,00080407,240522
0000082c,00000001,000ffffe,240583
00000834,00000002,000ffffe,240891
00000840,00000011,000803b3,241060
00000880,00000001,000ffffe,241393
0000089c,00000001,000ffffe,241568
00000884,00000001,000ffffe,241656
00000854,00000011,00080481,241988
00000884,00000001,000ffffe,242370
00000864,00000002,000ffffe,242842
00000854,00000011,00080485,243093
0000085c,00000001,000ffffe,243435
0000087c,00000001,000ffffe,243854
00000814,00000001,000ffffe,244064
00000840,00000011,000803bf,244457
0000084c,00000002,000ffffe,244631
00000808,00000002,000ffffe,244726
00000880,00000001,000ffffe,244773
00000844,00000001,000ffffe,245037
00000814,00000001,000ffffe,245441
010008e8,00000001,000ffffe,245915
00000840,0002b96a,00080137,246239
010008d0,00000001,000ffffe,246424
010008d0,00000001,000ffffe,246679
0100092c,00000007,00080440,246813
01000918,00000001,000ffffe,247111
01000920,00000002,000ffffe,247504
01000930,00000001,000ffffe,247971
01000910,00000011,000804c2,248493
01000910,00000011,000804c4,248986
010008c4,00000002,000ffffe,249218
010008cc,0000000a,00080440,249652
0100092c,00000007,00080440,250040
010008e8,00000001,000ffffe,250230
010008bc,00000001,000ffffe,250600
010008bc,00000001,000ffffe,251025
01000910,00000011,000804c5,251254
01000938,00000001,000ffffe,251345
010008fc,000007ff,00080308,251387
010008bc,00000001,000ffffe,251399
0100092c,00000007,00080440,251672
01000918,00000001,000ffffe,251800
010008cc,0000000a,00080440,252148
010008cc,0000000a,00080440,252318
010008e8,00000001,000ffffe,252634
01000938,00000001,000ffffe,252797
01000920,00000002,000ffffe,252880
010008c4,00000002,000ffffe,253193
010008f0,00000002,000ffffe,253350
01000940,00000001,000ffffe,253428
010008f0,00000002,000ffffe,253469
01000918,00000001,000ffffe,253728
01000938,00000001,000ffffe,254130
01000920,00000002,000ffffe,254604
01000918,00000001,000ffffe,254840
01000918,00000001,000ffffe,254959
010008cc,0000000a,00080440,255028
010008bc,00000001,000ffffe,255289
01000940,00000001,000ffffe,255696
01000940,00000001,000ffffe,255900
01000910,00000011,000804c1,256290
01000920,00000002,000ffffe,256702
010008e8,00000001,000ffffe,256915
01000910,00000011,000804c5,257310
0100092c,00000007,00080440,257490
01000900,00000001,000ffffe,257819
0100093c,00000001,000ffffe,257987
01000940,00000001,000ffffe,258311
01000908,00000002,000ffffe,258746
01000938,00000001,000ffffe,259431
01000918,00000001,000ffffe,259546
010008bc,00000001,000ffffe,259604
01000938,00000001,000ffffe,259873
01000908,00000002,000ffffe,260776
010008c4,00000002,000ffffe,260973
0100093c,00000001,000ffffe,261071
01000938,00000001,000ffffe,261121
010008fc,000007ff,00080263,261248
01000900,00000001,000ffffe,261386
010008e8,00000001,000ffffe,261519
010008d0,00000001,000ffffe,261586
010008d0,00000001,000ffffe,261620
010008f0,00000002,000ffffe,261878
0100093c,00000001,000ffffe,262006
010008fc,000007ff,00080040,262054
010008f0,00000002,000ffffe,262072
010008e8,00000001,000ffffe,262104
010008e8,00000001,000ffffe,262121
010008fc,000007ff,0008005e,262122
01000930,00000001,000ffffe,262130
010008c4,00000002,000ffffe,262136
010008e8,00000001,000ffffe,262138
01000900,00000001,000ffffe,262413
010008fc,000007ff,000800e5,262428
01000908,00000002,000ffffe,262551
01000910,00000011,000804c2,262635
01000918,00000001,000ffffe,262654
01000920,00000002,000ffffe,262673
010008d0,00000001,000ffffe,262953
01000908,00000002,000ffffe,263095
01000920,00000002,000ffffe,263166
01000930,00000001,000ffffe,263201
01000940,00000001,000ffffe,263459
01000910,00000011,000804c6,263876
00000840,00008dce,00080381,263941
0100093c,00000001,000ffffe,264162
010008fc,000007ff,00080066,264186
0100093c,00000001,000ffffe,264213
01000900,00000001,000ffffe,264239
010008d0,00000001,000ffffe,264524
01000918,00000001,000ffffe,264667
01000938,00000001,000ffffe,264739
01000940,00000001,000ffffe,265047
010008cc,0000000a,00080440,265450
0100092c,00000007,00080440,265916
010008fc,000007ff,000803b5,266107
010008cc,0000000a,00080440,266154
010008c4,00000002,000ffffe,266264
01000920,00000002,000ffffe,266563
01000908,00000002,000ffffe,266713
0100093c,00000001,000ffffe,267059
010008cc,0000000a,00080440,267242
010008bc,00000001,000ffffe,267724
01000940,00000001,000ffffe,268046
010008bc,00000001,000ffffe,268479
01000930,00000001,000ffffe,268696
010008d0,00000001,000ffffe,268805
01000900,00000001,000ffffe,268860
010008c4,00000002,000ffffe,268889
0100093c,00000001,000ffffe,269174
010008f0,00000002,000ffffe,269590
010008fc,000007ff,000802af,269606
01000910,00000011,000804c5,269813
01000920,00000002,000ffffe,270174
01000900,00000001,000ffffe,270601
010008cc,0000000a,00080440,271064
01000908,00000002,000ffffe,271555
010008d0,00000001,000ffffe,271804
01000920,00000002,000ffffe,272170
010008bc,00000001,000ffffe,272352
01000900,00000001,000ffffe,272444
010008cc,0000000a,00080440,272771
01000918,00000001,000ffffe,273161
010008e8,00000001,000ffffe,273733
010008f0,00000002,000ffffe,274160
01000910,00000011,000804c1,274628
0100093c,00000001,000ffffe,274839
01000918,00000001,000ffffe,274953
010008c4,00000002,000ffffe,275251
01000938,00000001,000ffffe,275399
010008fc,000007ff,00080219,275407
010008e8,00000001,000ffffe,275474
01000908,00000002,000ffffe,275513
0100092c,00000007,00080440,275777
010008d0,00000001,000ffffe,276238
0100092c,00000007,00080440,276413
0100092c,00000007,00080440,276498
010008e8,00000001,000ffffe,276535
01000910,00000011,000804c0,276573
010008d0,00000001,000ffffe,276840
01000910,00000011,000804c2,276998
0100092c,00000007,00080440,277331
01000938,00000001,000ffffe,277497
010008bc,00000001,000ffffe,277823
010008fc,000007ff,000802f2,277947
01000918,00000001,000ffffe,278258
010008bc,00000001,000ffffe,278476
00000840,0003ee24,0008008c,278600
01000900,00000001,000ffffe,278857
01000920,00000002,000ffffe,279049
010008f0,00000002,000ffffe,279145
010008cc,0000000a,00080441,279473
01000920,00000002,000ffffe,279865
01000900,00000001,000ffffe,280336
0100093c,00000001,000ffffe,280844
01000940,00000001,000ffffe,281338
01000918,00000001,000ffffe,281825
01000940,00000001,000ffffe,282069
010008e8,00000001,000ffffe,282431
01000918,00000001,000ffffe,282852
010008bc,00000001,000ffffe,283063
010008e8,00000001,000ffffe,283169
01000908,00000002,000ffffe,283463
010008cc,0000000a,00080441,283618
01000908,00000002,000ffffe,283684
01000920,00000002,000ffffe,283993
01000930,00000001,000ffffe,284147
01000920,00000002,000ffffe,284537
01000900,00000001,000ffffe,284692
010008bc,00000001,000ffffe,285042
010008f0,00000002,000ffffe,285490
01000908,00000002,000ffffe,285714
010008c4,00000002,000ffffe,286098
010008fc,000007ff,0008032f,286271
01000908,00000002,000ffffe,286530
0100093c,00000001,000ffffe,286985
010008f0,00000002,000ffffe,287486
010008cc,0000000a,00080441,287984
01000920,00000002,000ffffe,288461
01000910,00000011,000804c0,288719
0100092c,00000007,00080441,288831
01000900,00000001,000ffffe,289126
010008f0,00000002,000ffffe,289278
01000930,00000001,000ffffe,289353
010008bc,00000001,000ffffe,289663
010008e8,00000001,000ffffe,290058
0100093c,00000001,000ffffe,290256
0100092c,00000007,00080441,290633
010008e8,00000001,000ffffe,290813
01000938,00000001,000ffffe,291146
01000920,00000002,000ffffe,291314
01000918,00000001,000ffffe,291397
010008c4,00000002,000ffffe,291712
01000900,00000001,000ffffe,292108
010008cc,0000000a,00080441,292316
010008bc,00000001,000ffffe,292407
010008c4,00000002,000ffffe,292698
010008f0,00000002,000ffffe,293083
01000920,00000002,000ffffe,293276
010008e8,00000001,000ffffe,293421
0100092c,00000007,00080441,293452
01000908,00000002,000ffffe,293460
0100093c,00000001,000ffffe,293466
010008cc,0000000a,00080441,293479
010008e8,00000001,000ffffe,293744
010008f0,00000002,000ffffe,294154
01000900,00000001,000ffffe,294461
01000908,00000002,000ffffe,294514
010008cc,0000000a,00080441,294788
01000910,00000011,000804c1,295200
01000908,00000002,000ffffe,295388
010008fc,000007ff,0008014f,295418
01000908,00000002,000ffffe,295490
00000840,0002d89a,000801cf,295707
01000918,00000001,000ffffe,295780
010008d0,00000001,000ffffe,295926
01000908,00000002,000ffffe,296272
010008fc,000007ff,00080302,296404
01000920,00000002,000ffffe,296445
01000930,00000001,000ffffe,296531
01000930,00000001,000ffffe,296837
010008c4,00000002,000ffffe,297241
01000940,00000001,000ffffe,297442
0100093c,00000001,000ffffe,297815
0100093c,00000001,000ffffe,298002
01000900,00000001,000ffffe,298096
010008d0,00000001,000ffffe,298415
01000918,00000001,000ffffe,298575
010008fc,000007ff,0008034d,298621
0100093c,00000001,000ffffe,298927
010008e8,00000001,000ffffe,299375
01000910,00000011,000804c3,299855
010008d0,00000001,000ffffe,300343
010008cc,0000000a,00080441,300844
010008f0,00000002,000ffffe,301322
0100092c,00000007,00080441,301810
01000940,00000001,000ffffe,302046
010008d0,00000001,000ffffe,302407
01000938,00000001,000ffffe,302588
010008d0,00000001,000ffffe,302679
0100093c,00000001,000ffffe,302725
01000940,00000001,000ffffe,302988
0100092c,00000007,00080441,303126
01000918,00000001,000ffffe,303458
01000910,00000011,000804c3,303915
01000910,00000011,000804c4,304136
010008c4,00000002,000ffffe,304232
010008cc,0000000a,00080441,304564
010008bc,00000001,000ffffe,304961
01000910,00000011,000804c1,305452
01000910,00000011,000804c2,305690
01000920,00000002,000ffffe,306034
010008e8,00000001,000ffffe,306213
010008fc,000007ff,0008027b,306333
01000920,00000002,000ffffe,306544
01000938,00000001,000ffffe,307199
010008f0,00000002,000ffffe,307310
01000920,00000002,000ffffe,307605
0100092c,00000007,00080441,308104
0100093c,00000001,000ffffe,308543
010008bc,00000001,000ffffe,308766
01000918,00000001,000ffffe,308878
010008fc,000007ff,00080398,309026
01000918,00000001,000ffffe,309174
01000900,00000001,000ffffe,309562
010008fc,000007ff,00080166,309798
01000938,00000001,000ffffe,310028
01000910,00000011,000804c5,310549
01000900,00000001,000ffffe,310786
0100093c,00000001,000ffffe,310913
01000920,00000002,000ffffe,310978
010008e8,00000001,000ffffe,311249
010008e8,00000001,000ffffe,311657
010008e8,00000001,000ffffe,312133
010008e8,00000001,000ffffe,312643
01000910,00000011,000804c0,313402
01000940,00000001,000ffffe,313750
01000930,00000001,000ffffe,314172
010008f0,00000002,000ffffe,314624
01000918,00000001,000ffffe,314849
010008fc,000007ff,000803a0,315184
01000918,00000001,000ffffe,315468
010008e8,00000001,000ffffe,315513
01000918,00000001,000ffffe,315536
010008f0,00000002,000ffffe,315549
01000920,00000002,000ffffe,315827
01000938,00000001,000ffffe,316237
01000940,00000001,000ffffe,316443
010008bc,00000001,000ffffe,316818
010008c4,00000002,000ffffe,317007
010008fc,000007ff,000803a8,317248
010008f0,00000002,000ffffe,317341
010008fc,000007ff,0008006f,317425
010008cc,0000000a,00080442,317788
010008c4,00000002,000ffffe,318000
01000910,00000011,000804c3,318397
0100093c,00000001,000ffffe,318812
01000918,00000001,000ffffe,319028
01000910,00000011,000804c0,319424
01000938,00000001,000ffffe,319838
01000918,00000001,000ffffe,320293
010008bc,00000001,000ffffe,320521
01000938,00000001,000ffffe,320875
010008e8,00000001,000ffffe,321501
01000900,00000001,000ffffe,321606
01000910,00000011,000804c0,321675
010008cc,0000000a,00080442,321695
01000940,00000001,000ffffe,321700
01000918,00000001,000ffffe,322119
0100092c,00000007,00080442,322467
01000930,00000001,000ffffe,322904
01000938,00000001,000ffffe,323126
010008fc,000007ff,00080391,323338
01000940,00000001,000ffffe,323509
010008e8,00000001,000ffffe,323701
010008fc,000007ff,00080139,324025
010008bc,00000001,000ffffe,324037
0100093c,00000001,000ffffe,324477
01000940,00000001,000ffffe,324937
01000908,00000002,000ffffe,325440
01000940,00000001,000ffffe,325930
01000900,00000001,000ffffe,326176
01000930,00000001,000ffffe,326539
01000908,00000002,000ffffe,326722
01000940,00000001,000ffffe,327052
0100092c,00000007,00080442,327224
0100092c,0000000e,00080442,327554
01000938,00000001,000ffffe,327703
0100092c,00000007,00080442,328030
010008d0,00000001,000ffffe,328185
01000940,00000001,000ffffe,328266
01000918,00000001,000ffffe,328328
010008e8,00000001,000ffffe,328339
01000918,00000001,000ffffe,328345
01000930,00000001,000ffffe,328620
0100093c,00000001,000ffffe,328758
01000940,00000001,000ffffe,329099
010008bc,00000001,000ffffe,329270
010008c4,00000002,000ffffe,329357
010008d0,00000001,000ffffe,329671
01000908,00000002,000ffffe,329830
010008cc,0000000a,00080442,330189
010008fc,000007ff,0008018c,330353
01000908,00000002,000ffffe,330357
01000930,00000001,000ffffe,330684
01000900,00000001,000ffffe,331120
01000900,00000001,000ffffe,332079
010008d0,00000001,000ffffe,332330
01000918,00000001,000ffffe,332456
01000900,00000001,000ffffe,332759
01000938,00000001,000ffffe,333259
010008fc,000007ff,000803a8,333624
01000920,00000002,000ffffe,333706
0100093c,00000001,000ffffe,334168
01000910,00000011,000804c2,334416
01000908,00000002,000ffffe,334757
010008fc,000007ff,0008026d,334957
010008c4,00000002,000ffffe,335175
01000908,00000002,000ffffe,335624
010008f0,00000002,000ffffe,335849
01000940,00000001,000ffffe,335961
010008f0,00000002,000ffffe,336019
010008bc,00000001,000ffffe,336047
0100093c,00000001,000ffffe,336062
01000918,00000001,000ffffe,336346
0100092c,00000007,00080442,336762
01000930,00000001,000ffffe,337233
01000938,00000001,000ffffe,337472
0100093c,00000001,000ffffe,337592
010008cc,0000000a,00080442,337901
010008fc,000007ff,000800d1,338116
010008c4,00000002,000ffffe,338283
01000910,00000011,000804c3,338765
010008f0,00000002,000ffffe,338984
010008f0,00000002,000ffffe,339341
01000938,00000001,000ffffe,339519
010008cc,0000000a,00080442,339618
0100092c,00000007,00080442,340091
01000900,00000001,000ffffe,340165
01000930,00000001,000ffffe,340477
010008c4,00000002,000ffffe,340874
0100092c,00000007,00080442,341349
01000910,00000011,000804c7,341866
010008fc,000007ff,00080068,341972
010008c4,00000002,000ffffe,342105
01000920,00000002,000ffffe,342472
01000908,00000002,000ffffe,342656
010008bc,00000001,000ffffe,342987
01000930,00000001,000ffffe,343425
01000930,00000001,000ffffe,343884
0100093c,00000001,000ffffe,344114
01000930,00000001,000ffffe,344469
010008e8,00000001,000ffffe,344647
01000918,00000001,000ffffe,344976
010008f0,00000002,000ffffe,345142
010008d0,00000001,000ffffe,345224
01000920,00000002,000ffffe,345267
010008bc,00000001,000ffffe,345527
0100092c,00000007,00080443,345664
01000918,00000001,000ffffe,345724
010008cc,0000000a,00080443,346038
010008cc,0000000a,00080443,346191
01000920,00000002,000ffffe,346260
01000940,00000001,000ffffe,346298
010008cc,0000000a,00080443,346327
0100092c,00000007,00080443,346606
010008bc,00000001,000ffffe,347013
010008d0,00000001,000ffffe,347220
010008f0,00000002,000ffffe,347325
01000908,00000002,000ffffe,347617
010008d0,00000001,000ffffe,348002
010008cc,0000000a,00080443,348476
01000938,00000001,000ffffe,348700
0100092c,00000007,00080443,348823
010008d0,00000001,000ffffe,348876
01000940,00000001,000ffffe,348906
01000938,00000001,000ffffe,349193
010008f0,00000002,000ffffe,349338
01000910,00000011,000804c6,349697
010008e8,00000001,000ffffe,350125
01000900,00000001,000ffffe,350587
010008bc,00000001,000ffffe,351090
01000938,00000001,000ffffe,351342
01000938,00000001,000ffffe,352131
010008f0,00000002,000ffffe,352344
01000910,00000011,000804c2,352737
01000930,00000001,000ffffe,353150
01000900,00000001,000ffffe,353365
01000930,00000001,000ffffe,353473
010008fc,000007ff,00080313,353754
010008c4,00000002,000ffffe,353768
01000938,00000001,000ffffe,354154
01000938,00000001,000ffffe,354348
01000910,00000011,000804c2,354733
01000900,00000001,000ffffe,354902
0100093c,00000001,000ffffe,354995
01000920,00000002,000ffffe,355043
010008c4,00000002,000ffffe,355067
01000930,00000001,000ffffe,355350
010008cc,0000000a,00080443,355773
0100093c,00000001,000ffffe,356243
010008bc,00000001,000ffffe,356483
010008d0,00000001,000ffffe,356843
0100093c,00000001,000ffffe,357263
01000918,00000001,000ffffe,358210
01000938,00000001,000ffffe,358459
010008d0,00000001,000ffffe,358584
0100093c,00000001,000ffffe,358647
01000930,00000001,000ffffe,358679
0100092c,00000007,00080443,358973
010008d0,00000001,000ffffe,359383
010008fc,000007ff,000802d7,359759
01000900,00000001,000ffffe,359863
010008cc,0000000a,00080443,360384
010008f0,00000002,000ffffe,360872
010008bc,00000001,000ffffe,361359
01000908,00000002,000ffffe,361844
01000938,00000001,000ffffe,362325
0100092c,00000007,00080443,362812
0100093c,00000001,000ffffe,363047
010008bc,00000001,000ffffe,363168
01000918,00000001,000ffffe,363229
01000900,00000001,000ffffe,363260
01000938,00000001,000ffffe,363556
010008c4,00000002,000ffffe,363969
01000930,00000001,000ffffe,364446
01000938,00000001,000ffffe,364957
0100093c,00000001,000ffffe,365213
010008fc,000007ff,000801d8,365322
01000910,00000011,000804c4,365597
01000908,00000002,000ffffe,366006
01000920,00000002,000ffffe,366458
01000940,00000001,000ffffe,366955
0100092c,00000007,00080443,367450
010008cc,0000000a,00080443,367698
010008bc,00000001,000ffffe,367874
01000940,00000001,000ffffe,368145
01000940,00000001,000ffffe,368281
01000910,00000011,000804c0,368637
01000910,00000011,000804c2,369079
01000920,00000002,000ffffe,369525
010008e8,00000001,000ffffe,369755
010008fc,000007ff,0008029b,369858
010008c4,00000002,000ffffe,369872
01000918,00000001,000ffffe,370169
010008c4,00000002,000ffffe,370559
01000910,00000011,000804c0,370769
010008f0,00000002,000ffffe,370852
010008f0,00000002,000ffffe,371141
01000938,00000001,000ffffe,371285
010008cc,0000000a,00080443,371367
010008f0,00000002,000ffffe,371396
01000900,00000001,000ffffe,371414
010008bc,00000001,000ffffe,371424
010008f0,00000002,000ffffe,371702
01000908,00000002,000ffffe,371841
01000918,00000001,000ffffe,371910
01000920,00000002,000ffffe,372218
0100092c,00000007,00080443,372377
01000938,00000001,000ffffe,372720
010008cc,0000000a,00080443,372904
010008f0,00000002,000ffffe,372984
0100093c,00000001,000ffffe,373299
010008f0,00000002,000ffffe,373698
010008bc,00000001,000ffffe,374168
0100093c,00000001,000ffffe,374404
01000910,00000011,000804c0,374778
010008d0,00000001,000ffffe,375181
01000910,00000011,000804c2,375407
0100092c,00000007,00080443,375774
01000938,00000001,000ffffe,375957
01000900,00000001,000ffffe,376052
010008e8,00000001,000ffffe,376100
01000930,00000001,000ffffe,376364
010008cc,0000000a,00080444,376777
00000840,0004cc2c,00080125,377196
010008bc,00000001,000ffffe,377242
01000940,00000001,000ffffe,377751
01000940,00000001,000ffffe,378006
01000908,00000002,000ffffe,378135
010008bc,00000001,000ffffe,378830
01000910,00000011,000804c2,379314
010008f0,00000002,000ffffe,379805
010008f0,00000002,000ffffe,380298
010008fc,000007ff,00080348,380484
01000938,00000001,000ffffe,380544
010008cc,0000000a,00080444,380677
01000908,00000002,000ffffe,380971
01000908,00000002,000ffffe,381362
010008bc,00000001,000ffffe,381557
01000930,00000001,000ffffe,381927
01000930,00000001,000ffffe,382352
010008f0,00000002,000ffffe,382566
01000918,00000001,000ffffe,382672
01000930,00000001,000ffffe,382726
010008c4,00000002,000ffffe,382994
01000940,00000001,000ffffe,383127
0100093c,00000001,000ffffe,383466
0100093c,00000001,000ffffe,383636
010008bc,00000001,000ffffe,383961
01000918,00000001,000ffffe,384124
01000900,00000001,000ffffe,384206
01000938,00000001,000ffffe,384519
010008c4,00000002,000ffffe,384677
0100092c,00000007,00080444,384761
010008c4,00000002,000ffffe,384796
01000940,00000001,000ffffe,385055
01000918,00000001,000ffffe,385457
01000900,00000001,000ffffe,385930
0100093c,00000001,000ffffe,386346
01000930,00000001,000ffffe,386616
010008f0,00000002,000ffffe,387024
010008f0,00000002,000ffffe,387228
010008f0,00000002,000ffffe,387602
01000900,00000001,000ffffe,388028
010008fc,000007ff,0008027e,388213
010008bc,00000001,000ffffe,388242
010008fc,000007ff,000802b2,388332
010008f0,00000002,000ffffe,388622
01000908,00000002,000ffffe,388812
01000930,00000001,000ffffe,389146
01000920,00000002,000ffffe,389315
0100092c,00000007,00080444,389644
010008e8,00000001,000ffffe,390072
010008cc,0000000a,00080444,390538
01000918,00000001,000ffffe,390758
01000930,00000001,000ffffe,390931
010008d0,00000001,000ffffe,391200
010008cc,0000000a,00080444,391344
010008cc,0000000a,00080444,391412
010008cc,0000000a,00080444,391718
010008e8,00000001,000ffffe,392102
01000938,00000001,000ffffe,392299
01000920,00000002,000ffffe,392399
01000918,00000001,000ffffe,392448
010008d0,00000001,000ffffe,392713
010008bc,00000001,000ffffe,392846
01000940,00000001,000ffffe,392913
010008fc,000007ff,0008038c,392919
01000940,00000001,000ffffe,392947
01000920,00000002,000ffffe,393205
010008e8,00000001,000ffffe,393333
010008c4,00000002,000ffffe,393399
010008bc,00000001,000ffffe,393431
010008bc,00000001,000ffffe,393448
01000938,00000001,000ffffe,393462
010008bc,00000001,000ffffe,393465
01000910,00000011,000804c1,393473
010008cc,0000000a,00080444,393476
010008d0,00000001,000ffffe,393740
010008e8,00000001,000ffffe,393877
010008f0,00000002,000ffffe,393947
01000900,00000001,000ffffe,393999
01000940,00000001,000ffffe,394280
010008e8,00000001,000ffffe,394421
01000900,00000001,000ffffe,394492
01000910,00000011,000804c5,394544
0100092c,00000007,00080444,394792
0100093c,00000001,000ffffe,395187
0100092c,00000007,00080444,395394
01000920,00000002,000ffffe,395490
01000920,00000002,000ffffe,395541
010008d0,00000001,000ffffe,395566
01000940,00000001,000ffffe,395851
010008fc,000007ff,000801d9,396027
01000918,00000001,000ffffe,396066
0100092c,00000007,00080444,396380
0100093c,00000001,000ffffe,396768
010008c4,00000002,000ffffe,397238
0100093c,00000001,000ffffe,397472
01000938,00000001,000ffffe,397590
01000900,00000001,000ffffe,397889
010008e8,00000001,000ffffe,398039
010008fc,000007ff,000801ca,398040
01000920,00000002,000ffffe,398387
0100093c,00000001,000ffffe,398560
010008cc,0000000a,00080444,398896
01000930,00000001,000ffffe,399051
010008f0,00000002,000ffffe,399374
01000930,00000001,000ffffe,399806
01000910,00000011,000804c3,400039
01000940,00000001,000ffffe,400132
010008d0,00000001,000ffffe,400187
01000938,00000001,000ffffe,400215
01000920,00000002,000ffffe,400502
010008c4,00000002,000ffffe,400917
010008f0,00000002,000ffffe,401125
010008bc,00000001,000ffffe,401500
010008d0,00000001,000ffffe,401928
0100093c,00000001,000ffffe,402382
010008e8,00000001,000ffffe,402881
01000940,00000001,000ffffe,403131
010008bc,00000001,000ffffe,403496
01000930,00000001,000ffffe,403679
010008d0,00000001,000ffffe,403771
0100093c,00000001,000ffffe,404089
010008cc,0000000a,00080444,404697
010008bc,00000001,000ffffe,405060
01000920,00000002,000ffffe,405487
010008f0,00000002,000ffffe,405940
01000920,00000002,000ffffe,406167
010008fc,000007ff,00080251,406534
01000938,00000001,000ffffe,406577
01000918,00000001,000ffffe,406726
010008bc,00000001,000ffffe,406801
010008e8,00000001,000ffffe,406839
01000908,00000002,000ffffe,407099
010008cc,0000000a,00080444,407237
01000910,00000011,000804c0,407581
01000908,00000002,000ffffe,407735
01000908,00000002,000ffffe,407820
010008bc,00000001,000ffffe,407862
010008f0,00000002,000ffffe,407885
01000940,00000001,000ffffe,408167
010008f0,00000002,000ffffe,408310
010008fc,000007ff,000801e1,408326
01000908,00000002,000ffffe,408653
01000918,00000001,000ffffe,408824
01000930,00000001,000ffffe,409150
01000940,00000001,000ffffe,409585
01000930,00000001,000ffffe,409803
010008d0,00000001,000ffffe,410184
01000900,00000001,000ffffe,410375
010008c4,00000002,000ffffe,410472
0100093c,00000001,000ffffe,410791
01000900,00000001,000ffffe,411191
01000930,00000001,000ffffe,411663
01000920,00000002,000ffffe,412172
0100092c,00000007,00080445,412671
0100092c,00000007,00080445,413402
01000918,00000001,000ffffe,413758
01000930,00000001,000ffffe,414390
010008bc,00000001,000ffffe,414496
010008e8,00000001,000ffffe,414789
0100093c,00000001,000ffffe,414936
010008e8,00000001,000ffffe,415010
010008fc,000007ff,00080324,415198
01000900,00000001,000ffffe,415319
01000910,00000011,000804c7,415490
010008cc,0000000a,00080445,415561
010008bc,00000001,000ffffe,415863
010008d0,00000001,000ffffe,416019
010008fc,000007ff,00080162,416225
01000930,00000001,000ffffe,416369
010008c4,00000002,000ffffe,416817
010008e8,00000001,000ffffe,417040
01000938,00000001,000ffffe,417424
01000938,00000001,000ffffe,417856
01000920,00000002,000ffffe,418313
010008c4,00000002,000ffffe,418813
0100093c,00000001,000ffffe,419302
010008bc,00000001,000ffffe,419787
010008f0,00000002,000ffffe,420031
01000908,00000002,000ffffe,420153
010008d0,00000001,000ffffe,420453
010008c4,00000002,000ffffe,420605
01000910,00000011,000804c3,420696
01000930,00000001,000ffffe,420990
010008bc,00000001,000ffffe,421385
01000920,00000002,000ffffe,421584
010008c4,00000002,000ffffe,421955
010008bc,00000001,000ffffe,422140
01000918,00000001,000ffffe,422473
01000900,00000001,000ffffe,422640
01000938,00000001,000ffffe,423038
010008d0,00000001,000ffffe,423435
0100093c,00000001,000ffffe,423634
01000930,00000001,000ffffe,423734
01000900,00000001,000ffffe,424024
010008c4,00000002,000ffffe,424410
01000900,00000001,000ffffe,424602
010008cc,0000000a,00080445,424708
010008bc,00000001,000ffffe,424748
010008fc,000007ff,000801ff,424770
01000908,00000002,000ffffe,424774
010008e8,00000001,000ffffe,424786
01000920,00000002,000ffffe,424794
0100093c,00000001,000ffffe,424797
010008bc,00000001,000ffffe,425071
010008c4,00000002,000ffffe,425481
010008cc,0000000a,00080445,425694
010008d0,00000001,000ffffe,425788
01000938,00000001,000ffffe,425840
01000908,00000002,000ffffe,426107
010008f0,00000002,000ffffe,426512
010008e8,00000001,000ffffe,426714
010008e8,00000001,000ffffe,426816
00000840,000484ce,0008021e,426885
01000940,00000001,000ffffe,427253
010008e8,00000001,000ffffe,427598
01000900,00000001,000ffffe,427771
010008cc,0000000a,00080445,427867
0100092c,00000007,00080445,427908
010008cc,0000000a,00080445,428173
01000938,00000001,000ffffe,428567
0100092c,00000007,00080445,428775
01000920,00000002,000ffffe,429143
010008fc,000007ff,0008027f,429153
01000920,00000002,000ffffe,429330
010008d0,00000001,000ffffe,429423
01000940,00000001,000ffffe,429742
01000940,00000001,000ffffe,429902
01000920,00000002,000ffffe,430255
010008bc,00000001,000ffffe,430702
010008f0,00000002,000ffffe,431167
01000940,00000001,000ffffe,431670
01000908,00000002,000ffffe,432163
010008c4,00000002,000ffffe,432649
01000908,00000002,000ffffe,433132
0100092c,00000007,00080445,433379
01000940,00000001,000ffffe,433734
01000918,00000001,000ffffe,433915
01000910,00000011,000804c0,434022
010008e8,00000001,000ffffe,434052
0100092c,00000007,00080445,434321
01000908,00000002,000ffffe,434448
010008f0,00000002,000ffffe,435227
010008f0,00000002,000ffffe,435448
01000938,00000001,000ffffe,435558
010008cc,0000000a,00080445,435623
0100093c,00000001,000ffffe,435882
010008f0,00000002,000ffffe,436764
010008fc,000007ff,0008019e,436831
010008f0,00000002,000ffffe,437002
01000900,00000001,000ffffe,437360
010008bc,00000001,000ffffe,437540
01000900,00000001,000ffffe,437870
0100092c,00000007,00080445,438313
010008fc,000007ff,000800ae,438334
01000918,00000001,000ffffe,438526
010008c4,00000002,000ffffe,438637
01000900,00000001,000ffffe,438931
010008cc,0000000a,00080445,439088
01000908,00000002,000ffffe,439426
01000920,00000002,000ffffe,439871
01000930,00000001,000ffffe,440093
01000940,00000001,000ffffe,440205
010008d0,00000001,000ffffe,440889
01000918,00000001,000ffffe,441355
010008f0,00000002,000ffffe,441861
010008d0,00000001,000ffffe,442113
010008e8,00000001,000ffffe,442240
010008bc,00000001,000ffffe,442304
010008fc,000007ff,000800e3,442547
010008bc,00000001,000ffffe,442576
010008bc,00000001,000ffffe,442984
010008bc,00000001,000ffffe,443460
010008bc,00000001,000ffffe,443970
0100092c,00000007,00080446,444471
010008f0,00000002,000ffffe,444714
0100092c,00000007,00080446,445083
01000910,00000011,000804c4,445515
010008c4,00000002,000ffffe,445951
0100092c,00000007,00080446,446535
010008cc,0000000a,00080446,446715
010008bc,00000001,000ffffe,446840
010008c4,00000002,000ffffe,446876
01000900,00000001,000ffffe,447153
01000918,00000001,000ffffe,447564
0100092c,00000007,00080446,447776
01000930,00000001,000ffffe,448145
010008fc,000007ff,0008039d,448222
01000900,00000001,000ffffe,448333
010008c4,00000002,000ffffe,448668
010008fc,000007ff,00080127,448841
010008fc,000007ff,00080145,448909
0100093c,00000001,000ffffe,449106
01000938,00000001,000ffffe,449326
010008f0,00000002,000ffffe,449709
01000920,00000002,000ffffe,450140
010008f0,00000002,000ffffe,450736
01000918,00000001,000ffffe,451165
01000930,00000001,000ffffe,451848
01000918,00000001,000ffffe,452202
010008fc,000007ff,000803c2,452401
0100092c,00000007,00080446,452625
010008bc,00000001,000ffffe,452828
010008d0,00000001,000ffffe,452933
010008f0,00000002,000ffffe,452987
0100093c,00000001,000ffffe,453013
0100092c,00000007,00080446,453033
010008cc,0000000a,00080446,453315
010008fc,000007ff,00080269,453666
01000908,00000002,000ffffe,453789
01000910,00000011,000804c6,454247
01000918,00000001,000ffffe,454453
0100092c,00000007,00080446,454842
010008bc,00000001,000ffffe,455028
01000930,00000001,000ffffe,455364
010008fc,000007ff,00080208,455492
01000920,00000002,000ffffe,455805
0100092c,00000007,00080446,456270
01000938,00000001,000ffffe,456766
0100092c,00000007,00080446,457263
010008d0,00000001,000ffffe,457503
010008e8,00000001,000ffffe,458048
0100092c,00000007,00080446,458385
01000908,00000002,000ffffe,458546
010008c4,00000002,000ffffe,458869
01000918,00000001,000ffffe,459030
01000908,00000002,000ffffe,459352
01000940,00000001,000ffffe,459512
0100092c,00000007,00080446,459599
010008cc,0000000a,00080446,459643
01000910,00000700,000804c4,459657
010008bc,00000001,000ffffe,459666
01000910,00000011,000804c5,459963
01000920,00000002,000ffffe,460086
0100092c,00000007,00080446,460432
01000930,00000001,000ffffe,460597
01000900,00000001,000ffffe,460683
01000940,00000001,000ffffe,460998
010008e8,00000001,000ffffe,461156
0100093c,00000001,000ffffe,461507
010008e8,00000001,000ffffe,461683
010008fc,000007ff,00080226,461701
010008fc,000007ff,0008022e,461718
01000910,00000011,000804c5,462027
010008d0,00000001,000ffffe,462447
0100092c,00000007,00080446,462911
010008d0,00000001,000ffffe,463406
01000940,00000001,000ffffe,463657
010008d0,00000001,000ffffe,464086
010008cc,0000000a,00080446,464247
01000918,00000001,000ffffe,464586
01000900,00000001,000ffffe,465032
01000920,00000002,000ffffe,465496
010008f0,00000002,000ffffe,465728
010008fc,000007ff,00080235,465829
010008e8,00000001,000ffffe,466083
01000938,00000001,000ffffe,466501
01000938,00000001,000ffffe,466950
010008c4,00000002,000ffffe,467176
0100092c,00000007,00080446,467294
010008c4,00000002,000ffffe,467346
01000930,00000001,000ffffe,467374
01000920,00000002,000ffffe,467390
010008cc,0000000a,00080446,467406
01000908,00000002,000ffffe,468084
01000910,00000011,000804c6,468576
010008d0,00000001,000ffffe,468799
010008e8,00000001,000ffffe,468919
0100093c,00000001,000ffffe,469219
01000938,00000001,000ffffe,469609
010008fc,000007ff,000801db,469719
010008f0,00000002,000ffffe,470077
010008c4,00000002,000ffffe,470311
010008c4,00000002,000ffffe,470668
010008d0,00000001,000ffffe,470846
01000908,00000002,000ffffe,470937
010008cc,0000000a,00080446,471262
01000908,00000002,000ffffe,471413
010008d0,00000001,000ffffe,471492
01000910,00000011,000804c3,471820
01000938,00000001,000ffffe,472200
01000908,00000002,000ffffe,472671
0100093c,00000001,000ffffe,473177
01000938,00000001,000ffffe,473431
01000900,00000001,000ffffe,473798
010008e8,00000001,000ffffe,473982
01000930,00000001,000ffffe,474314
01000910,00000011,000804c6,474768
010008cc,0000000a,00080447,475220
01000920,00000002,000ffffe,475442
01000910,00000011,000804c3,475812
010008bc,00000001,000ffffe,475974
010008c4,00000002,000ffffe,476469
01000940,00000001,000ffffe,476551
01000900,00000001,000ffffe,476593
01000930,00000001,000ffffe,476854
010008c4,00000002,000ffffe,476986
01000940,00000001,000ffffe,477051
0100093c,00000001,000ffffe,477356
0100093c,00000001,000ffffe,477509
01000900,00000001,000ffffe,477586
0100092c,00000007,00080447,477631
0100093c,00000001,000ffffe,477645
01000908,00000002,000ffffe,477928
01000930,00000001,000ffffe,478340
010008fc,000007ff,0008029f,478349
01000940,00000001,000ffffe,478547
010008c4,00000002,000ffffe,478652
010008e8,00000001,000ffffe,478943
01000910,00000011,000804c1,479345
0100093c,00000001,000ffffe,479794
01000918,00000001,000ffffe,480027
01000908,00000002,000ffffe,480145
01000940,00000001,000ffffe,480203
0100092c,00000007,00080447,480239
01000918,00000001,000ffffe,480520
010008c4,00000002,000ffffe,480665
010008f0,00000002,000ffffe,481009
010008bc,00000001,000ffffe,481452
010008d0,00000001,000ffffe,481914
01000930,00000001,000ffffe,482417
01000918,00000001,000ffffe,482669
010008cc,0000000a,00080447,483044
01000918,00000001,000ffffe,483458
010008c4,00000002,000ffffe,483671
010008f0,00000002,000ffffe,484049
010008d0,00000001,000ffffe,484692
01000910,00000011,000804c6,484816
01000938,00000001,000ffffe,485094
010008d0,00000001,000ffffe,485481
01000918,00000001,000ffffe,485675
010008f0,00000002,000ffffe,486045
010008d0,00000001,000ffffe,486229
01000910,00000700,000804c4,486268
01000920,00000002,000ffffe,486323
01000900,00000001,000ffffe,486369
01000938,00000001,000ffffe,486393
01000910,00000011,000804c5,486693
0100093c,00000001,000ffffe,487091
01000920,00000002,000ffffe,487571
01000930,00000001,000ffffe,487810
01000940,00000001,000ffffe,488170
01000920,00000002,000ffffe,488591
010008cc,0000000a,00080447,489049
01000940,00000001,000ffffe,489537
01000918,00000001,000ffffe,489786
01000940,00000001,000ffffe,489911
01000920,00000002,000ffffe,489975
01000910,00000011,000804c2,490022
01000908,00000002,000ffffe,490295
01000940,00000001,000ffffe,490710
010008d0,00000001,000ffffe,491190
